16,16
0
0
0
0
0
0
8454
8454
8454
8454
0
0
0
0
0
0
0
0
0
0
0
8454
58096
64533
58096
58096
8454
0
0
0
0
0
0
0
0
0
8454
58096
58096
41551
41551
58096
41551
8454
0
0
0
0
0
0
0
8454
8454
58096
64918
64533
58096
41551
41551
8454
8454
0
0
0
0
0
8454
34569
17743
8454
58096
58096
58096
41551
8454
15403
34569
8454
0
0
0
8454
57326
17743
34569
34569
41551
41551
41551
41551
17743
34569
17743
34569
8454
0
0
8454
57326
34569
57326
34569
17743
34569
34569
17743
34569
34569
34569
17743
8454
0
8454
57326
34569
57326
57326
34569
34569
57326
34569
34569
17743
34569
17743
15403
17743
8454
8454
57326
17743
57326
34569
34569
34569
57326
34569
34569
15403
17743
17743
15403
17743
8454
8454
34569
17743
34569
34569
17743
34569
34569
34569
34569
15403
17743
17743
15403
17743
8454
8454
34569
17743
34569
34569
17743
34569
34569
34569
34569
15403
17743
17743
15403
17743
8454
0
8454
34569
17743
34569
17743
34569
34569
34569
17743
15403
17743
15403
17743
8454
0
0
8454
34569
17743
34569
34569
17743
34569
17743
15403
17743
17743
15403
34569
8454
0
0
0
8454
34569
17743
17743
15403
15403
15403
15403
15403
15403
34569
8454
0
0
0
0
0
8454
15403
64918
64918
64918
64918
64918
64918
15403
8454
0
0
0
0
0
0
0
8454
8454
8454
8454
8454
8454
8454
8454
0
0
0
0
