120,120
65535
65535
65535
65535
65535
65535
65535
65535
65535
65535
65535
65535
65535
65535
65535
65535
65535
65535
65535
65535
65535
65535
65535
65535
65535
65535
65535
65535
65535
65535
65535
65535
65535
65535
65535
65535
65535
65535
65535
65535
65535
65535
65535
65535
65535
65535
65535
65535
65535
65535
65535
65535
65535
65535
65535
65535
65535
65535
65535
65535
65535
65535
65535
65535
65535
65535
65535
65535
65535
65535
65535
65535
65535
65535
65535
65535
65535
65535
65535
65535
65535
65535
65535
65535
65535
65535
65535
65535
65535
65535
65535
65535
65535
65535
65535
65535
65535
65535
65535
57051
63390
65535
23243
38034
65535
65535
65535
65535
65535
65535
65535
65535
65535
65535
65535
65535
65535
65535
65535
65535
65535
65535
65535
65535
65535
65535
65535
65535
65535
65535
65535
65535
65535
65535
65535
65535
65535
65535
65535
65535
65535
65535
65535
65535
65535
65535
65535
65535
65535
65535
65535
65535
65535
65535
65535
65535
65535
65535
65535
65535
65535
65535
65535
65535
65535
65535
65535
65535
65535
65535
65535
65535
65535
65535
65535
65535
65535
65535
65535
65535
65535
65535
65535
65535
65535
65535
65535
65535
65535
65535
65535
65535
65535
65535
65535
65535
65535
65535
65535
65535
65535
65535
65535
65535
65535
65535
65535
65535
65535
65535
65535
65535
65535
65535
65535
65535
65535
65535
65535
23243
65535
65535
35921
35921
65535
65535
65535
65535
65535
65535
65535
65535
65535
65535
65535
65535
65535
65535
65535
65535
65535
65535
65535
65535
65535
65535
65535
65535
65535
65535
65535
65535
65535
65535
65535
65535
65535
65535
65535
65535
65535
65535
65535
65535
65535
65535
65535
65535
65535
65535
65535
65535
65535
65535
65535
65535
65535
65535
65535
65535
65535
65535
65535
65535
65535
65535
65535
65535
65535
65535
65535
65535
65535
65535
65535
65535
65535
65535
65535
65535
65535
65535
65535
65535
65535
65535
65535
65535
65535
65535
65535
65535
65535
65535
65535
65535
65535
65535
65535
65535
65535
65535
65535
65535
65535
65535
65535
65535
65535
65535
65535
65535
65535
65535
65535
65535
65535
65535
44373
65503
65535
65535
65503
2145
65535
65535
65535
65535
65535
65535
65535
65535
65535
65535
65535
65535
65535
65535
65535
65535
65535
65535
65535
65535
65535
65535
65535
65535
65535
65535
65535
65535
65535
65535
65535
65535
65535
65535
65535
65535
65535
65535
65535
65535
65535
65535
65535
65535
65535
65535
65535
65535
65535
65535
65535
65535
65535
65535
65535
65535
65535
65535
65535
65535
65535
65535
65535
65535
65535
65535
65535
65535
65535
65535
65535
65535
65535
65535
65535
65535
65535
65535
65535
65535
65535
65535
65535
65535
65535
65535
65535
65535
65535
65535
65535
65535
65535
65535
65535
65535
65535
65535
65535
65535
65535
65535
65535
65535
65535
65535
65535
65535
65535
65535
65535
65535
65535
63422
38066
65535
65535
65535
65535
16904
65535
65535
65535
65535
65535
65535
65535
65535
65535
65535
65535
65535
65535
65535
65535
65535
65535
65535
65535
65535
65535
65535
65535
65535
65535
65535
65535
65535
65535
65535
65535
65535
65535
65535
65535
65535
65535
65535
65535
65535
65535
65535
65535
65535
65535
65535
65535
65535
65535
65535
65535
65535
65535
65535
65535
65535
65535
65535
65535
65535
65535
65535
65535
65535
65535
65535
65535
65535
65535
65535
65535
65535
65535
65535
65535
65535
65535
65535
65535
65535
65535
65535
65535
65535
65535
65535
65535
65535
65535
65535
65535
65535
65535
65535
65535
65535
65535
65535
65535
65535
65535
65535
65535
65535
65535
65535
65535
65535
65535
65535
65535
65535
65535
19049
65535
65535
65535
65535
65535
63390
27469
65535
65535
65535
65535
65535
65535
65535
65535
65535
65535
65535
65535
65535
65535
65535
65535
65535
65535
65535
65535
65535
65535
65535
65535
65535
65535
65535
65535
65535
65535
65535
65535
65535
65535
65535
65535
65535
65535
65535
65535
65535
65535
65535
65535
65535
65535
65535
65535
65535
65535
65535
65535
65535
65535
65535
65535
65535
65535
65535
65535
65535
65535
65535
65535
65535
65535
65535
65535
65535
65535
65535
65535
65535
65535
65535
65535
65535
65535
65535
65535
65535
65535
65535
65535
65535
65535
65535
65535
65535
65535
65535
65535
65535
65535
65535
65535
65535
65535
65535
65535
65535
65535
65535
65535
65535
65535
65535
65535
65535
65535
65535
31727
65535
65535
65535
65535
65535
65535
65535
32
65535
65535
65535
65535
65535
65535
65535
65535
65535
65535
65535
65535
65535
65535
65535
65535
65535
65535
65535
65535
65535
65535
65535
65535
65535
65535
65535
65535
65535
65535
65535
65535
65535
65535
65535
65535
65535
65535
65535
65535
65535
65535
65535
65535
65535
65535
65535
65535
65535
65535
65535
65535
65535
65535
65535
65535
65535
65535
65535
65535
65535
65535
65535
65535
65535
65535
65535
65535
65535
65535
65535
65535
65535
65535
65535
65535
65535
65535
65535
65535
65535
65535
65535
65535
65535
65535
65535
65535
65535
65535
65535
65535
65535
65535
65535
65535
65535
65535
65535
65535
65535
65535
65535
65535
65535
65535
65535
65535
65535
65535
65503
57051
65535
65535
65535
65535
65535
65535
65535
27501
35953
65535
65535
65535
65535
65535
65535
65535
65535
65535
65535
65535
65535
65535
65535
65535
65535
65535
65535
65535
65535
65535
65535
65535
65535
65535
65535
65535
65535
65535
65535
65535
65535
65535
65535
65535
65535
65535
65535
65535
65535
65535
65535
65535
65535
65535
65535
65535
65535
65535
65535
65535
65535
65535
65535
65535
65535
65535
65535
65535
65535
65535
65535
65535
65535
65535
65535
65535
65535
65535
65535
65535
65535
65535
65535
65535
65535
57018
65535
65535
65535
65535
65535
65535
65535
65535
65535
65535
65535
65535
65535
65535
65535
65535
65535
65535
65535
65535
65535
65535
65535
65535
65535
65535
65535
65535
65535
65535
65535
65535
21130
65535
65535
65535
65535
65535
65535
65535
65535
65535
0
65503
65535
65535
65535
65535
65535
65535
65535
65535
65535
65535
65535
65535
65535
65535
65535
65535
65535
65535
65535
65535
65535
65535
65535
65535
61309
65535
65535
65535
65535
65535
65535
65535
65535
65535
65535
65535
65535
65535
65535
65535
65535
65535
65535
65535
65535
65535
65535
65535
65535
65535
65535
65535
65535
65535
65535
65535
65535
65535
65535
65535
65535
65535
65535
65535
65535
65535
65535
65535
65535
65535
65535
65535
48598
33607
60907
8288
63422
65535
65535
65535
65535
65535
65535
65535
65535
65535
65535
65535
65535
65535
65535
65535
65535
65535
65535
65535
65535
65535
65535
65535
65535
65535
65535
65535
65535
65535
65535
21162
65535
65535
65535
65535
65535
65535
65535
65535
65535
65535
38034
27469
65535
65535
65535
65535
65535
65535
65535
65535
65535
65535
65535
65535
65535
65535
65535
65535
65535
65535
65535
65535
65535
65535
65535
2112
42058
29348
8320
2081
29582
63423
65535
65535
65535
65535
65535
65535
65535
65535
65535
65535
65535
65535
65535
65535
65535
65535
65535
65535
65535
65535
65535
65535
65535
65535
65535
65535
65535
65535
65535
65535
65535
65535
65535
65535
65535
65535
65535
65535
65535
65535
63390
18850
60907
65000
65001
25121
46486
65535
65535
65535
65535
65535
65535
65535
65535
65535
65535
65535
65535
65535
65535
65535
65535
65535
65535
65535
65535
65535
65535
65535
65535
65535
65535
65535
65535
65535
21194
65503
65535
65535
65535
65535
65535
65535
65535
65535
65535
65535
65535
32
57083
46486
21130
14823
12710
63422
65535
65535
65535
65535
65535
65535
65535
65535
65535
65535
65535
65535
65535
65535
65535
65535
65535
0
62953
65000
65000
62953
60907
33606
10433
2048
6339
40082
63390
65535
65535
65535
65535
65535
65535
65535
65535
65535
65535
65535
65535
65535
65535
65535
65535
65535
65535
65535
65535
65535
65535
65535
65535
65535
65535
65535
65535
65535
65535
65535
65535
65535
65535
27401
54669
65000
65000
65000
64968
62955
8485
65535
65535
65535
65535
65535
65535
65535
65535
65535
65535
65535
65535
65535
65535
65535
65535
65535
65535
65535
65535
65535
65535
65535
65535
65535
65535
65535
65535
40211
65535
65535
65535
65535
65535
65535
65535
65535
65503
61309
52825
27501
10597
6371
23275
50744
65535
65535
65503
12678
65535
65535
65535
65535
65535
65535
65535
65535
65535
65535
65535
65535
65535
65535
65535
65535
65535
2113
60907
65000
65000
65000
65000
64967
65000
65000
62953
60941
31460
4096
0
44373
65535
65535
65535
65535
65535
65535
65535
65535
65535
65535
65535
65535
65535
65535
65535
65535
65535
65535
65535
65535
65535
65535
65535
65535
65535
65535
65535
65535
65535
65535
12512
62954
65000
65000
65000
65000
65000
65001
2048
65535
65535
65535
65535
65535
65535
65535
65535
65535
65535
65535
65535
65535
65535
65535
65535
65535
65535
65535
65535
65535
65535
65535
65535
65535
65535
65535
54970
61309
65535
65535
65535
65535
65535
61309
38066
8452
6339
23275
46486
63422
65503
65535
65535
65535
65535
65535
63422
23243
65535
65535
65535
65535
65535
65535
65535
65535
65535
65535
65535
65535
65535
65535
65535
65535
65535
38034
23042
65000
65000
65000
65000
65000
65000
65000
65000
64967
65000
65000
65000
56716
25123
4096
6241
46486
65535
65535
65535
65535
65535
65535
65535
65535
65535
65535
65535
65535
65535
65535
65535
65535
65535
65535
65535
65535
65535
65535
65535
65535
50679
44137
65001
65000
65000
65000
65000
65000
65000
65000
6176
65535
65535
65535
65535
65535
65535
65535
65535
65535
65535
65535
65535
65535
65535
65535
65535
65535
65535
65535
65535
65535
65535
65535
65535
65535
65535
61341
54970
65535
65535
59228
44373
4258
4290
29582
57083
65503
65535
65535
65535
65535
65535
65535
65535
65535
65535
65535
29582
57051
65535
65535
65535
65535
65535
65535
65535
65535
65535
65535
65535
65535
65535
65535
65535
65535
65535
65535
2048
62954
65000
65000
65000
65000
65000
65000
65000
65000
65000
65000
65000
65000
65000
65000
62953
56684
23011
2048
10565
63390
65535
65535
65535
65535
65535
65535
65535
65535
65535
65535
65535
65535
65535
65535
65535
65535
65535
65535
65535
18886
58827
65000
64999
65000
65000
65000
64999
65000
65000
65000
41925
54970
65535
65535
65535
65535
65535
65535
65535
65535
65535
65535
65535
65535
65535
65535
65535
65535
65535
65535
65535
65535
65535
65535
65535
65535
61309
44405
42292
8516
4258
27468
54970
65535
65535
65535
65535
65535
65535
65535
65535
65535
65535
65535
65535
65535
65535
65535
2113
65503
65535
65535
65535
65535
65535
65535
65535
65535
65535
65535
65535
65535
65535
65535
65535
65535
65535
65535
10598
44072
65000
65000
65000
65000
65000
65000
65000
65000
65000
65000
65000
65000
65000
65000
65000
64999
65000
65001
62988
39879
6176
32
38002
65535
65535
65535
63390
65535
65535
65535
65535
65535
65535
65535
65535
65535
65535
65535
10464
62953
64999
64999
64999
65000
65000
64999
65000
65000
65000
64999
62953
10565
65535
65535
65535
65535
65535
65535
65535
65535
65535
65535
65535
65535
65535
65535
65535
65535
65535
65535
65535
65535
65535
65535
59164
12710
32
19017
54970
65535
65535
65535
65535
65535
65535
65535
65535
65535
65535
65535
65535
65535
65535
65535
65535
65535
65535
48599
12678
65535
65535
65535
65535
65535
65535
65535
65535
65535
65535
65535
65535
65535
65535
65535
65535
65535
65535
65535
63422
4128
65000
65000
65000
65000
65000
65000
65000
65000
65000
65000
65000
65000
65000
65000
65000
65000
65000
65000
65000
65000
65000
62954
58797
20930
2048
8420
27301
6337
38000
61309
65535
65535
65535
65535
65535
65535
65535
6241
63051
64999
64999
64999
64999
65000
65000
65000
65000
65000
65000
64999
64999
0
65535
65535
65535
65535
65535
65535
65535
65535
65535
65535
65535
65535
65535
65535
65535
65535
65535
65535
65535
40179
2113
4226
38034
65535
65535
65535
65535
65535
65535
65535
65535
65535
65535
65535
65535
65535
65535
65535
65535
65535
65535
65535
65535
65535
65535
6371
54970
65535
65535
65535
65535
65535
65535
65535
65535
65535
65535
65535
65535
65535
65535
65535
65535
65535
65535
65535
65535
6371
48297
65000
65000
65000
65000
65000
65000
65000
65000
65000
65000
65000
65000
65000
65000
65000
65000
65000
65000
65000
65000
65000
65000
65000
64999
10336
65033
65000
60874
54569
27267
4192
23210
59196
65535
65535
10565
60939
64999
64999
65000
65000
65000
65000
65000
65000
65000
65000
65000
65000
65000
18752
44373
65535
65535
65535
65535
65535
65535
65535
65535
65535
65535
65535
65535
65535
65535
25388
32
8484
52857
65535
65535
65535
65535
65535
65535
65535
65535
65535
65535
65535
65535
65535
65535
65535
65535
65535
65535
65535
65535
65535
65535
65535
65535
65535
50712
2145
65535
65535
65535
65535
65535
65535
65535
65535
65535
65535
65535
65535
65535
65535
65535
65535
65535
65535
65535
65535
65535
61277
2080
65000
65000
65000
65000
65000
65000
65000
65000
65000
65000
65000
65000
65000
65000
65000
65000
65000
65000
65000
65000
65000
65000
65000
29249
56684
65000
65000
65000
65000
65000
65000
60843
35719
6272
35921
6176
64999
64999
64999
65000
65000
65000
65000
65000
65000
65000
65000
65000
65000
65000
62954
0
65535
65535
65535
65535
65535
65535
65535
65535
65535
65535
57051
10565
0
14791
63390
65535
65535
65535
65535
65535
65535
65535
65535
65535
65535
65535
65535
65535
65535
65535
65535
65535
65535
65535
65535
65535
65535
65535
65535
65535
65535
65535
65535
6339
2113
65535
65535
65535
65535
65535
65535
65535
65535
65535
65535
65535
65535
65535
65535
65535
65535
65535
65535
65535
65535
65535
65535
0
60876
65000
65000
65000
65000
65000
65000
65000
65000
65000
65000
65000
65000
65000
65000
65000
65000
65000
65000
65000
65000
65000
60874
6144
65000
64999
65000
65000
65000
65000
65000
65000
65000
62953
58697
65001
65000
65000
65000
65000
65000
65000
65000
65000
65000
65000
65000
65000
65000
65000
65000
6208
63422
65535
65535
65535
65535
65535
63422
23275
0
6339
46486
65503
65535
65535
65535
65535
65535
65535
65535
65535
65535
65535
65535
65535
65535
65535
65535
65535
65535
65535
65535
65535
65535
65535
65535
65535
65535
65535
65535
65535
65535
65535
61309
32
16936
48631
65535
65535
65535
65535
65535
65535
65535
65535
65535
65535
65535
65535
65535
65535
65535
65535
65535
65535
65535
65535
65535
44406
14592
65000
65000
65000
65000
65000
65000
65000
65000
65000
65000
65000
65000
65000
65000
65000
65000
65000
65000
65000
65000
54536
2112
52524
65000
65000
65000
65000
65000
65000
65000
65000
65000
64999
64999
65000
65000
65000
65000
65000
65000
65000
65000
65000
65000
65000
65000
65000
65000
65000
65000
54537
4226
65535
65503
57083
6339
32
29614
65535
65535
65535
65535
65535
65535
65535
65535
65535
65535
65535
65535
65535
65535
65535
65535
65535
65535
65535
65535
65535
65535
65535
65535
65535
65535
65535
65535
65535
65535
65535
65535
65535
65535
65535
14823
44373
65503
32
65535
65535
65535
65535
65535
65535
65535
65535
65535
65535
65535
65535
65535
65535
65535
65535
65535
65535
65535
65535
65535
65535
0
65035
65000
65000
65000
65000
65000
65000
65000
65000
65000
65000
65000
65000
65000
65000
65000
65000
65000
65000
65000
52424
0
65000
64999
65000
65000
65000
65000
65000
65000
65000
65000
65000
64999
64999
65000
65000
65000
65000
65000
65000
65000
65000
65000
65000
65000
65000
65000
65000
65000
65000
4160
32
32
52825
65535
65535
65535
65535
65535
65535
65535
65535
65535
65535
65535
65535
65535
65535
65535
32
59164
65535
65535
65535
65535
65535
65535
65535
65535
65535
65535
65535
65535
65535
65535
65535
65535
65535
65535
65535
65535
65503
0
65503
65535
6371
65535
65535
65535
65535
65535
65535
65535
65535
65535
65535
65535
65535
65535
65535
65535
65535
65535
65535
65535
65535
65535
65535
19049
33573
65000
64968
65000
65000
65000
65001
65000
65000
65000
65000
65000
65000
65000
65000
65000
65000
65000
65000
65000
16672
31460
64999
64999
65000
65000
65000
65000
65000
65000
65000
65000
65000
65000
65000
65000
65000
65000
65000
65000
65000
65000
65000
65000
65000
65000
65000
65000
65000
65000
65000
52456
0
27501
65535
65535
65535
65535
65535
65535
65535
65535
65535
65535
65535
65535
65535
65535
65535
4193
16870
52825
65535
65535
65535
65535
65535
65535
65535
65535
65535
65535
65535
65535
65535
65535
65535
65535
65535
65535
65535
65535
33840
23275
65535
65535
57051
42292
65535
65535
65535
65535
65535
65535
65535
65535
65535
65535
65535
65535
65535
65535
65535
65535
65535
65535
65535
65535
65535
65535
2048
65000
65000
65000
65000
65000
14496
44104
64999
65000
65000
65000
65000
65000
65000
65000
65000
65000
65000
65000
4096
62955
64999
65000
65000
65000
65000
65000
65000
65000
65000
65000
65000
65000
65000
65000
65000
65000
65000
65000
65000
65000
65000
65000
65000
65000
65000
65000
65000
65000
65000
65000
14528
42225
0
48598
65535
65535
65535
65535
65535
65535
65535
65535
65535
65535
65535
46486
4096
41960
62953
12613
65535
65535
65535
65535
65535
65535
65535
65535
65535
65535
65535
65535
65535
46518
42260
65535
65535
65535
65535
65535
32
65503
65535
65535
65535
32
65535
65535
65535
65535
65535
65535
65535
65535
65535
65535
65535
65535
65535
65535
65535
65535
65535
65535
65535
65535
65535
65535
4226
62987
65000
65000
65000
65000
65002
2048
62953
65000
65000
65000
65000
65000
65000
65000
65000
65000
65000
62922
4096
65001
64999
64999
65000
65000
65000
65000
65000
65000
65000
65000
65000
65000
65000
65000
65000
65000
65000
65000
65000
65000
65000
65000
65000
65000
65000
65000
65000
65000
65000
65000
65000
65464
65503
2112
23210
65535
65535
65535
65535
65535
65535
65535
65535
61277
2048
16737
62954
65000
65000
4096
65535
65535
65535
65535
65535
65535
65535
65535
65535
65535
65535
65535
65535
2145
61277
65535
65535
65535
65535
57051
6371
65535
65535
65535
65535
4226
59196
65535
65535
65535
65535
65535
65535
65535
65535
65535
65535
65535
65535
65535
65535
65535
65535
65535
65535
65535
65535
65535
63390
27236
64999
65000
65000
65000
64999
41959
8288
65001
65000
65000
65000
65000
65000
65000
65000
65000
65000
29282
33573
65000
65000
65000
65000
65000
65000
65000
65000
65000
65000
65000
65000
65000
65000
65000
65000
65000
65000
65000
65000
65000
65000
65000
65000
65000
65000
65000
65000
65000
65000
65000
65000
65533
65535
65535
44340
12645
65535
65535
65535
65535
65535
46486
0
48266
62954
65000
65000
65000
65000
35652
65503
65535
65535
65535
65535
65535
65535
65535
65535
65535
65535
65535
16936
29582
65535
65535
65535
65535
65535
32
61309
65535
65535
65535
65535
57083
12678
65535
65535
65535
65535
65535
65535
65535
65535
65535
65535
65535
65535
65535
65535
65535
65535
65535
65535
65535
65535
65535
65535
2048
62985
65000
65000
65000
64999
65032
16672
50377
65000
65000
65000
65000
65000
65000
65000
65000
65000
8224
58796
65000
65000
65000
65000
65000
65000
65000
65000
65000
65000
65000
65000
65000
65000
65000
65000
65000
65000
65000
65000
65000
65000
65000
65000
65000
65000
65000
65000
65000
65000
65000
65035
65535
65535
65535
65535
6339
29581
65535
65470
33840
2048
29380
62954
65000
65000
65000
65000
65000
65000
62954
35888
65535
65535
65535
65535
65535
65535
65535
65535
65535
65535
27469
8452
65535
65535
65535
65535
65535
63390
2113
65535
65535
65535
65535
65535
65535
32
65535
65535
65535
65535
65535
65535
65535
65535
65535
65535
65535
65535
65535
65535
65535
65535
65535
65535
65535
65535
65535
65535
6339
50410
65000
65000
65000
65000
65000
65000
4096
60875
65000
65000
65000
65000
65000
65000
65000
65001
2048
60908
65000
64999
65000
65000
65000
65000
65000
65000
65000
65000
65000
65000
65000
65000
65000
65000
65000
65000
65000
65000
65000
65000
65000
65000
65000
65000
65000
65000
65000
65000
65000
65199
65535
65535
65535
65535
65535
0
42259
2048
42025
62953
65000
65000
65000
65000
65000
65000
65000
65000
65000
2080
65535
65535
65535
65535
65535
65535
65535
65535
65535
50712
2145
65535
65535
65535
65535
65535
65535
12678
44405
65535
65535
65535
65535
65535
65535
21162
57083
65535
65535
65535
65535
65535
65535
65535
65535
65535
65535
65535
65535
65535
65535
65535
65535
65535
65535
65535
65535
65535
65535
4096
65001
65000
65000
65000
65000
65000
58795
2048
62954
65000
65000
65000
65000
65000
65000
56617
0
60908
65000
64999
65000
65000
65000
65000
65000
65000
65000
65000
65000
65000
65000
65000
65000
65000
65000
65000
65000
65000
65000
65000
65000
65000
65000
65000
65000
65000
65000
65000
64967
65432
65535
65535
65535
65535
65535
63455
0
60907
65000
64999
65000
65000
65000
65000
65000
65000
65000
65000
65000
6176
65535
65535
65535
65535
65535
65535
65535
65535
61277
0
63422
65535
65535
65535
65535
65535
65535
32
65503
65535
65535
65535
65535
65535
65535
54938
25356
65535
65535
65535
65535
65535
65535
65535
65535
65535
65535
65535
65535
65535
65535
65535
65535
65535
65535
65535
65535
65535
65535
2080
56651
65000
65000
65000
65000
65000
65000
50344
4096
65036
65000
64999
65000
65000
65000
27137
8418
54569
65000
65000
65000
65000
65000
65000
65000
65000
65000
65000
65000
65000
65000
65000
65000
65000
65000
65000
65000
65000
65000
65000
65000
65000
65000
65000
65000
65000
65000
65000
60776
65533
65534
65535
65535
65535
65535
65535
6371
46185
65000
65000
65000
65000
65000
65000
65000
65000
65000
65000
65000
35587
65535
65535
65535
65535
65535
65535
65535
65503
0
61309
65535
65535
65535
65535
65535
65535
27469
29614
65535
65535
65535
65535
65535
65535
65535
65535
4226
65535
65535
65535
65535
65535
65535
65535
65535
65535
65535
65535
65535
65535
65535
65535
65535
65535
65535
65535
65535
65535
65535
57083
8320
65000
65000
65000
65000
65000
65000
65000
52522
2048
60905
65000
64999
65000
64999
8256
39877
23043
65000
65000
65000
65000
65000
65000
65000
65000
65000
65000
65000
65000
65000
65000
65000
65000
65000
65000
65000
65000
65000
64967
65000
65000
65000
65000
65000
65000
65000
65000
4096
61276
65535
65535
65535
65535
65535
65535
65535
2048
65001
65000
65000
65000
65000
65000
65000
65000
65000
65000
64999
62953
65470
65535
65535
65535
65535
65535
63422
32
61309
65535
65535
65535
65535
65535
65535
65535
0
65535
65535
65535
65535
65535
65535
65535
65535
65535
2113
65503
65535
65535
65535
65535
65535
65535
65535
65535
65535
65535
65535
65535
65535
65535
65535
65535
65535
65535
65535
65535
65535
65535
32
56682
65000
65000
65000
65000
65000
65000
65000
58827
4096
48264
65000
65000
65000
2048
62952
2048
65001
65000
65000
65000
65000
65000
65000
64999
64999
65000
65000
65000
65000
65000
65000
65000
65000
65000
65000
65000
64968
58729
27104
22912
65000
65000
65000
60840
27168
20929
6208
32
65535
65535
65535
65535
65535
65535
65535
0
60907
65000
65000
65000
65000
65000
65000
65000
65000
65000
65000
64999
40146
65535
65535
65535
65535
59163
0
54938
65535
65535
65535
65535
65535
65535
65535
59164
25388
65535
65535
65535
65535
65535
65535
65535
65535
65535
21162
59164
65535
65535
65535
65535
65535
65535
65535
65535
65535
65535
65535
65535
65535
65535
65535
65535
65535
65535
65535
65535
65535
65535
59164
4096
62953
65000
65000
65000
65000
65000
65000
65000
62985
8288
10400
62953
62953
12512
65032
12480
44071
65000
65000
65000
65000
65000
65000
65000
65000
65000
65000
65000
65000
65000
65000
65000
65000
65000
65000
65000
31296
58729
62985
58729
65000
65000
64968
62888
65000
64967
62920
2048
65535
65535
65535
65535
65535
65535
65535
33808
33541
64968
65000
65000
65000
65000
65000
65000
65000
65000
65000
64999
6273
65535
65535
65535
14790
2145
65503
65535
65535
65535
65535
65535
65535
65535
65535
2145
65503
65535
65535
65535
65535
65535
65535
65535
65535
65535
48599
38066
65535
65535
65535
65535
65535
65535
65535
65535
65535
65535
65535
65535
65535
65535
65535
65535
65535
65535
65535
65535
65535
65535
65535
21162
25121
65000
65000
65000
64999
64999
65032
44070
31529
65535
65535
10566
16803
39815
64999
62953
6208
46151
65000
65000
65000
65000
60841
64968
64999
65000
65000
65000
65000
65000
65000
65000
65000
58728
44037
33507
44006
56648
64999
64999
64999
65000
65000
65000
62888
44036
31393
12608
21194
57083
65535
65535
65535
65535
65535
65535
4128
65000
65000
64968
65000
64999
65000
65000
65000
65000
65000
65000
2048
65503
12677
6208
58829
39879
35822
65535
65535
65535
65535
65535
65535
65535
19017
29582
65535
65535
65535
65535
65535
65535
65535
65535
65535
65535
65535
8452
65535
65535
65535
65535
65535
65535
65535
65535
65535
65535
65535
65535
65535
65535
65535
65535
65535
65535
65535
65535
65535
65535
65535
65535
0
62954
65000
65000
60938
18816
48532
65535
65535
65535
65535
65535
33873
48330
64999
64999
60874
4128
41926
64999
65000
58729
4192
10464
60873
65000
65000
65000
65000
65000
65001
44036
18913
27560
29771
29771
27626
10594
8320
58793
64999
65000
65000
52487
23302
29770
29770
29770
27658
19207
2240
35953
65535
65535
65535
65535
0
65000
65000
46182
25089
62952
65000
65000
65000
65000
65000
65000
4096
4128
52556
65001
65000
65000
65001
52457
27400
65535
65535
65535
65535
63423
0
65503
65535
65535
65535
65535
65535
65535
65535
65535
65535
65535
65535
2113
65535
65535
65535
65535
65535
65535
65535
65535
65535
65535
65535
65535
65535
65535
65535
65535
65535
65535
65535
65535
65535
65535
65535
65535
50712
4096
65000
39650
48631
65535
65535
65535
65535
65535
65535
65535
27501
52554
64999
65000
65000
60872
14593
22977
62986
6272
10724
8579
2080
46183
62953
65000
65001
48230
21091
29738
29802
29802
27658
4352
128
6465
23370
2080
62922
65000
65000
2048
17029
4384
2240
160
23400
29802
29802
25481
2209
61309
65535
65535
2048
60906
22976
14819
4192
31492
65000
65000
65000
65000
65000
65000
6208
60906
65000
65000
65000
65000
65000
64999
65000
56714
4161
65535
65535
32
54971
65535
65535
65535
65535
65535
65535
65535
65535
65535
65535
65535
65535
2145
65535
65535
65535
65535
65535
65535
65535
65535
65535
65535
65535
65535
65535
65535
65535
65535
65535
65535
65535
65535
65535
65535
65535
65535
65535
6339
37766
65031
6176
35986
65535
65535
65535
65535
65535
65535
16871
56715
65000
64999
65000
64999
62952
20864
10464
12772
10723
10723
10723
4289
4160
37797
12576
29770
29802
29802
29770
17094
8611
10723
12772
8547
2240
19175
8320
65001
62953
14853
96
10723
10723
10724
96
19175
29802
29801
27658
96
50776
54969
2112
10626
10724
10723
12772
32
60842
65000
65000
65000
65000
65000
10368
62987
65000
65000
65000
65000
65000
64999
62953
14560
10564
65535
31728
8452
65535
65535
65535
65535
65535
65535
65535
65535
65535
65535
65535
65535
65535
8484
65535
65535
65535
65535
65535
65535
65535
65535
65535
65535
65535
65535
65535
65535
65535
65535
65535
65535
65535
65535
65535
65535
65535
65535
65535
65535
0
58827
65033
6208
21130
65535
65535
65535
65535
65535
14791
56715
65000
64999
65000
64999
65000
62954
4257
10723
10723
10723
10723
10724
10724
4353
29803
29802
27754
27754
27690
6433
10723
10723
10723
8514
4320
31848
54667
65000
62921
39910
2144
6434
10691
10723
8578
2272
29802
27754
27753
29802
128
6402
12772
10723
10723
10723
10723
6402
29316
65000
65000
65000
65000
65000
12416
60940
65000
65000
65000
65000
65000
62952
8256
23275
65535
63422
0
65535
65535
65535
65535
65535
65535
65535
65535
65535
65535
65535
65535
65535
65535
27501
63422
65535
65535
65535
65535
65535
65535
65535
65535
65535
65535
65535
65535
65535
65535
65535
65535
65535
65535
65535
65535
65535
65535
65535
65535
65535
54938
2048
65000
65001
25058
4226
65535
65535
65535
65535
19017
56683
64999
64999
65000
64999
64999
50376
10628
10723
10723
8675
10723
10723
8611
19207
29802
29802
27753
27754
2240
12772
10756
10724
2112
21026
60874
65000
65000
65000
65000
65000
41958
37800
4128
2144
4290
21289
27753
27753
27753
27753
29771
64
10724
10723
10723
10723
10723
10660
14592
65000
65000
65000
65000
65000
8288
62988
64999
64999
64999
65000
60873
14528
46485
65535
65503
0
52857
65535
65535
65535
65535
65535
65535
65535
65535
65535
65535
65535
65535
65535
65535
48631
54938
65535
65535
65535
65535
65535
65535
65535
65535
65535
65535
65535
65535
65535
65535
65535
65535
65535
65535
65535
65535
65535
65535
65535
65535
65535
65535
35921
14592
62953
65000
50377
2080
54970
65535
65535
33873
44104
64999
64999
65000
64999
62920
8352
2176
10724
10723
10723
10723
10723
32
29770
27753
29802
29801
29770
6434
64
8384
39880
60874
62952
64999
65000
64999
65000
65000
65000
12480
60875
60873
23042
20930
25155
8480
25480
29802
29801
29801
25546
64
10723
10723
10723
10723
10724
12512
65000
64999
65000
65000
65000
8256
62987
64999
64999
65000
56714
6208
42259
65535
65535
4258
25388
65535
65535
65535
65535
65535
65535
65535
65535
65535
65535
65535
65535
65535
65535
65535
59164
38066
65535
65535
65535
65535
65535
65535
65535
65535
65535
65535
65535
65535
65535
65535
65535
65535
65535
65535
65535
65535
65535
65535
65535
65535
65535
65535
65535
29646
2048
62952
65000
62954
12512
6371
65535
57116
18850
65000
64999
65000
65000
22976
58828
4160
8482
10724
10723
10723
10724
0
29802
19176
8545
18882
23041
44007
29315
46152
64967
65000
64967
65000
65000
60809
37635
29314
62954
25123
64999
64998
64999
64999
64999
62920
48296
6336
21254
27658
29738
32
12772
10723
10723
10723
6466
50443
64999
64999
64999
64999
64999
4096
62986
64967
62921
18720
4193
65535
65535
59197
33
42292
65535
65535
65535
65535
65535
65535
65535
65535
65535
65535
65535
65535
65535
65535
65535
65535
63390
23275
65535
65535
65535
65535
65535
65535
65535
65535
65535
65535
65535
65535
65535
65535
65535
65535
65535
65535
65535
65535
65535
65535
65535
65535
65535
65535
65535
29381
62987
65000
65000
65000
65000
63019
20930
4258
0
65000
65000
65000
22912
56682
65000
62953
41959
2112
10691
10723
12772
96
4224
54569
46148
41892
62953
65000
25120
48297
10400
25155
20929
20800
41802
60594
64723
52273
12418
16705
48296
58760
62920
65000
65000
65000
64999
64968
56683
2080
10660
8579
10724
10723
10724
8448
54603
65000
65000
65000
65000
65000
64967
2048
60874
8288
12612
65535
65535
65535
65535
65535
33840
54970
65535
65535
65535
65535
65535
65535
65535
65535
65535
65535
65535
65535
65535
65535
65535
65535
65535
10565
65535
65535
65535
65535
65535
65535
65535
65535
65535
65535
65535
65535
65535
65535
65535
65535
65535
65535
65535
65535
65535
65535
65535
65535
65535
65535
6272
65001
65000
65000
65000
65000
64999
64999
65000
58828
4096
56682
65000
50309
35620
65000
65000
64999
60907
4289
10723
10691
2208
12708
27301
33474
60873
64999
64999
64999
27234
46217
0
65535
12645
62708
64723
64723
64723
64723
64724
60595
48047
29224
6176
65001
65000
65000
65000
64999
65000
37767
32
10660
10659
10723
8547
33638
65000
65000
65000
65000
65000
65000
64968
0
8483
65503
65535
65535
65535
65535
65535
65535
65535
57051
48631
65535
65535
65535
65535
65535
65535
65535
65535
65535
65535
65535
65535
65535
65535
65535
65535
4258
65535
65535
61277
65535
65535
65535
65535
65535
65535
65535
65535
65535
65535
65535
65535
65535
65535
65535
65535
65535
65535
65535
65535
65535
65535
8483
62956
65000
65000
65000
64999
64999
64999
64999
65000
65000
54603
4096
62953
10368
62987
65000
64999
64999
14592
10724
10723
8514
32
16737
58891
4096
65001
65000
65000
64999
35619
29315
4128
6435
6144
64723
64723
64723
64723
64723
64723
64724
64723
54354
35622
65000
65000
65000
65000
65000
65000
6144
41959
2048
0
10692
10724
2048
65001
65000
65000
65000
65000
65000
27202
59164
65535
65535
65535
65535
65535
65535
65535
65535
65535
65535
44373
61309
65535
65535
65535
65535
65535
65535
65535
65535
65535
65535
65535
65535
65535
65535
65535
4226
65535
65535
16904
65535
65535
65535
65535
65535
65535
65535
65535
65535
65535
65535
65535
65535
65535
65535
65535
65535
65535
65535
65535
65535
50744
54637
65000
65000
65000
65000
65000
65000
65000
65000
65000
65000
65000
29251
8320
25153
8352
22976
27136
25120
2048
10724
8546
48362
60874
65000
65000
8288
35654
65000
65000
65000
52424
14624
27171
50354
62675
64723
64723
64724
64723
64723
64723
64723
64724
8224
62955
65000
65000
65000
65000
65000
35684
60910
65000
62921
56683
2048
6369
32
58827
65000
65000
65000
65000
62987
2048
65535
65535
65535
65535
65535
65535
65535
65535
65535
65535
65535
65535
2145
65535
65535
65535
65535
65535
65535
65535
65535
65535
65535
65535
65535
65535
65535
65535
2145
65535
48631
65503
65535
65535
65535
65535
65535
65535
65535
65535
65535
65535
65535
65535
65535
65535
65535
65535
65535
65535
65535
65535
65535
14593
65000
65000
65000
65000
65000
65000
65000
65000
65000
65000
65000
65000
65001
6240
2080
63052
62921
65001
62953
10400
27299
58859
64968
65000
65000
65000
65002
4096
56683
65000
65000
62952
2080
60875
25095
64691
62675
64788
64756
62708
64692
64723
64723
62676
18787
65001
65000
65000
65000
65000
60906
31429
65000
65000
65000
65000
62954
29284
8288
62954
65000
65000
65000
62954
4096
50777
65535
65535
65535
65535
65535
65535
65535
65535
65535
65535
65535
65535
65503
19017
65535
65535
65535
65535
65535
65535
65535
65535
65535
65535
65535
65535
65535
65535
32
65503
38034
65535
65535
65535
65535
65535
65535
65535
65535
65535
65535
65535
65535
65535
65535
65535
65535
65535
65535
65535
65535
65535
4193
62953
65000
65000
65000
65000
65000
65000
65000
65000
65000
65000
65000
65000
65000
20865
48664
2112
20930
63019
64999
65001
64999
65000
65000
65000
65000
65000
65000
60908
4096
60908
65000
62952
2048
62985
0
2048
0
0
0
0
0
4096
35434
25063
60940
65000
64999
65000
65000
62952
24993
65001
65000
65000
65000
65000
65000
64968
65000
65000
65000
65001
52457
4096
8385
63390
65535
65535
65535
65535
65535
65535
65535
65535
65535
65535
65535
65535
65535
44405
61309
65535
65535
65535
65535
65535
65535
65535
65535
65535
65535
65535
65535
65535
6371
29582
65535
65535
65535
65535
65535
65535
65535
65535
65535
65535
65535
65535
65535
65535
65535
65535
65535
65535
65535
65535
65535
46486
56749
65000
65000
65000
65000
65000
65000
65000
65000
65000
65000
65000
65000
65000
64999
33508
57052
65535
50745
2080
23010
65001
64999
64999
65000
65000
65000
65000
65000
65000
56715
4096
54636
62983
20864
18784
0
0
0
0
0
0
0
0
0
0
2048
25155
60907
65000
62952
14464
65001
65000
65000
65000
65000
65000
65000
65000
64999
62953
52457
4096
12512
62987
10400
65535
65535
65535
65535
65535
65535
65535
65535
65535
65535
65535
65535
65535
65535
65535
2145
65535
65535
65535
65535
65535
65535
65535
65535
65535
65535
65535
65535
65535
40179
65535
65535
65535
65535
65535
65535
65535
65535
65535
65535
65535
65535
65535
65535
65535
65535
65535
65535
65535
65535
65535
65535
6240
65032
64999
64999
65000
65000
65000
65000
65000
65000
65000
65000
65000
65000
65000
65000
37732
52858
65535
65535
65535
6208
62952
65000
65000
65000
65000
65000
65000
65000
65000
65000
60875
4096
23009
65001
16704
0
0
0
0
0
0
0
0
0
0
0
0
0
27268
25058
62985
65000
65000
65000
65000
65000
65000
65000
65000
48166
6176
23043
60972
65001
65000
6208
65535
65535
65535
65535
65535
65535
65535
65535
65535
65535
65535
65535
65535
65535
65535
63390
35953
65535
65535
65535
65535
65535
65535
65535
65535
65535
65535
65535
65535
65535
65535
65535
65535
65535
65535
65535
65535
65535
65535
65535
65535
65535
65535
65535
65535
65535
65535
65535
65535
65535
65535
27469
23076
62955
65000
65000
65000
65000
65000
65000
65000
65000
65000
65000
65000
65000
65000
65000
39844
44373
65535
65535
12580
65001
65000
65000
65000
65000
65000
64968
65000
65001
65000
64999
64999
64999
58828
4096
0
0
0
0
0
0
0
0
0
0
0
0
0
0
10433
65000
65000
65000
65000
65000
65000
65000
65000
65000
65000
62954
18688
65000
65000
65000
65000
4128
65535
65535
65535
65535
65535
65535
65535
65535
65535
65535
65535
65535
65535
65535
65535
65535
6371
65535
65535
65535
65535
65535
65535
65535
65535
65535
65535
65535
65535
65535
65535
65535
65535
65535
65535
65535
65535
65535
65535
65535
65535
65535
65535
65535
65535
65535
65535
65535
65535
65535
65535
65535
59164
14758
4096
31428
60907
65000
65000
65000
65000
65000
65000
65000
65000
65000
65000
65000
41925
46486
65535
65471
41960
65000
65000
65000
65000
65000
64968
65000
60841
2048
65001
65000
65000
65000
65000
62953
0
0
0
0
0
0
0
0
0
0
0
0
0
0
27302
65000
65000
65001
62955
65000
65000
65000
64999
65000
65000
65000
62954
27203
62953
64968
65000
4096
65535
65535
65535
65535
65535
65535
65535
65535
65535
65535
65535
65535
65535
52857
12678
2113
35921
65535
65535
65535
65535
65535
65535
65535
65535
65535
65535
65535
65535
65535
65535
65535
65535
65535
65535
65535
65535
65535
65535
65535
65535
65535
65535
65535
65535
65535
65535
65535
65535
65535
65535
65535
65535
65535
65535
57051
6306
12512
52522
65033
65000
64968
64968
64968
62921
41991
10337
4096
10465
14693
10401
4160
62987
65000
65000
65000
65000
65000
65000
54536
46120
10304
48233
65000
65000
65000
64999
60875
0
0
0
0
0
6240
8385
2048
0
0
0
0
0
0
60909
64999
65000
25057
2048
60941
65000
65000
64999
64999
65000
65000
65000
16736
52759
16771
18849
2080
16936
10565
50744
65535
65535
65535
65535
65535
65535
65535
59196
14823
2113
35921
65503
65535
65535
65535
65535
65535
65535
65535
65535
65535
65535
65535
65535
65535
65535
65535
65535
65535
65535
65535
65535
65535
65535
65535
65535
65535
65535
65535
65535
65535
65535
65535
65535
65535
65535
65535
65535
65535
65535
65535
65535
65535
65535
65503
42227
4193
2048
4096
6176
10464
54872
65535
65535
65535
0
63086
63017
6144
65032
65000
65000
65000
65000
65001
20768
62956
65000
60842
6176
65001
65000
65000
64968
8224
0
0
0
32
61136
65228
65196
65228
54766
0
0
0
0
0
65034
65000
65000
2048
65535
56952
54636
65000
65000
64999
64999
65000
65000
60907
38066
65535
65535
44373
12611
65535
65535
46518
6371
23243
33808
33808
10597
0
25388
65503
65535
65535
65535
65535
65535
65535
65535
65535
65535
65535
65535
65535
65535
65535
65535
65535
65535
65535
65535
65535
65535
65535
65535
65535
65535
65535
65535
65535
65535
65535
65535
65535
65535
65535
65535
65535
65535
65535
65535
65535
65535
65535
65535
65535
65535
65535
65535
65535
65535
65535
65535
65535
65535
65535
65535
65535
27501
44071
65066
18916
65000
64999
64999
65000
52424
43974
62953
62920
50309
64999
6176
60876
65000
65000
48199
63388
0
0
0
54800
65228
65228
63116
63182
63149
14657
0
0
0
4128
65000
65000
62921
6339
65535
65535
46486
18817
62953
64999
64999
64999
65000
62953
2080
65535
65535
32
60875
65535
65535
65535
65535
65535
65535
65535
65535
65535
65535
65535
65535
65535
65535
65535
65535
65535
65535
65535
65535
65535
65535
65535
65535
65535
65535
65535
65535
65535
65535
65535
65535
65535
65535
65535
65535
65535
65535
65535
65535
65535
65535
65535
65535
65535
65535
65535
65535
65535
65535
65535
65535
65535
65535
65535
65535
65535
65535
65535
65535
65535
65535
65535
65535
65535
65535
65535
57051
20962
58761
12610
65000
64969
44005
31266
62954
64999
52457
56986
8452
27203
54601
6144
62953
60906
29613
40014
0
0
2080
63149
65228
14657
4128
2048
48427
61070
2048
0
0
12579
65001
64967
18752
65470
65503
32
29413
4160
35822
52522
60842
27138
62987
64967
2048
65503
65535
0
62953
65366
65535
65535
65535
65535
65535
65535
65535
65535
65535
65535
65535
65535
65535
65535
65535
65535
65535
65535
65535
65535
65535
65535
65535
65535
65535
65535
65535
65535
65535
65535
65535
65535
65535
65535
65535
65535
65535
65535
65535
65535
65535
65535
65535
65535
65535
65535
65535
65535
65535
65535
65535
65535
65535
65535
65535
65535
65535
65535
65535
65535
65535
65535
65535
65535
65535
65535
63422
8320
62953
20865
14561
4096
2048
35555
60809
62956
27370
65535
65535
27436
4160
2112
27434
48533
27534
4193
0
32
0
63148
65196
4096
0
0
56912
63149
2048
0
2048
52622
56716
39814
8288
23210
32
44269
48295
33541
12580
2048
23108
4096
58829
62953
2048
65535
65535
0
64999
65001
65534
65535
65535
65535
65535
65535
65535
65535
65535
65535
65535
65535
65535
65535
65535
65535
65535
65535
65535
65535
65535
65535
65535
65535
65535
65535
65535
65535
65535
65535
65535
65535
65535
65535
65535
65535
65535
65535
65535
65535
65535
65535
65535
65535
65535
65535
65535
65535
65535
65535
65535
65535
65535
65535
65535
65535
65535
65535
65535
65535
65535
65535
65535
65535
65535
65535
65535
0
65032
65000
65000
4096
63422
65535
46486
25355
19050
23275
40114
61277
65535
65535
65535
65535
65535
42357
63422
65535
2080
63183
65228
63247
4128
63214
65196
65230
10597
4226
29614
65499
60874
64999
64999
62953
63018
62987
62922
62954
62953
64999
56681
12645
52825
27436
44373
65535
65503
4160
65000
65000
65234
65535
65535
65535
65535
65535
65535
65535
65535
65535
65535
65535
65535
65535
65535
65535
65535
65535
65535
65535
65535
65535
65535
65535
65535
65535
65535
65535
65535
65535
65535
65535
65535
65535
65535
65535
65535
65535
65535
65535
65535
65535
65535
65535
65535
65535
65535
65535
65535
65535
65535
65535
65535
65535
65535
65535
65535
65535
65535
65535
65535
65535
65535
65535
65535
65535
65535
2048
60906
64999
64999
60907
2048
65535
65535
65535
65535
65535
65535
65535
65535
65535
65535
61309
44341
65535
65535
65535
54971
10432
65196
63180
4160
65196
65196
12480
65535
29614
48631
65535
6339
10432
65000
65000
64999
64999
64999
64999
65000
65001
4096
65503
65535
65535
65535
65535
40147
33542
64999
65000
65000
65366
65535
65535
65535
65535
65535
65535
65535
65535
65535
65535
65535
65535
65535
65535
65535
65535
65535
65535
65535
65535
65535
65535
65535
65535
65535
65535
65535
65535
65535
65535
65535
65535
65535
65535
65535
65535
65535
65535
65535
65535
65535
65535
65535
65535
65535
65535
65535
65535
65535
65535
65535
65535
65535
65535
65535
65535
65535
65535
65535
65535
65535
65535
65535
65535
65535
21130
46250
65000
64999
65000
33540
8484
65535
65535
65535
65535
65535
65535
65535
65535
50712
59132
65535
65535
65535
65535
65535
33840
4160
59023
6304
63148
48361
65535
61308
40012
2112
65535
65535
23308
6240
64999
64968
65000
65000
65000
64967
10400
31560
65503
65535
65535
65535
65535
2112
58795
65000
65000
65000
65001
65532
65535
65535
65535
65535
65535
65535
65535
65535
65535
65535
65535
65535
65535
65535
65535
65535
65535
65535
65535
65535
65535
65535
65535
65535
65535
65535
65535
65535
65535
65535
65535
65535
65535
65535
65535
65535
65535
65535
65535
65535
65535
65535
65535
65535
65535
65535
65535
65535
65535
65535
65535
65535
65535
65535
65535
65535
65535
65535
65535
65535
65535
65535
65535
65535
61309
2048
65001
64999
65000
12449
32
65535
65535
65535
65535
65535
65535
65535
33840
65503
65535
65535
65535
65535
65535
65535
65535
46485
42058
29347
42025
0
65535
33639
62953
2048
65535
65535
65535
38066
18881
65001
65000
65000
65000
64999
42022
56716
16737
65535
65535
65535
65535
2048
62953
65000
65000
65000
65000
62987
65533
65535
65535
65535
65535
65535
65535
65535
65535
65535
65535
65535
65535
65535
65535
65535
65535
65535
65535
65535
65535
65535
65535
65535
65535
65535
65535
65535
65535
65535
65535
65535
65535
65535
65535
65535
65535
65535
65535
65535
65535
65535
65535
65535
65535
65535
65535
65535
65535
65535
65535
65535
65535
65535
65535
65535
65535
65535
65535
65535
65535
65535
65535
65535
65535
0
60874
65000
8256
52857
59196
65535
65535
65535
65535
65535
65535
19017
65535
65535
65535
65535
65535
65535
65535
65535
65535
2048
65001
65000
65000
12480
18882
65000
64999
14592
59164
65535
65535
65535
4226
23075
65001
65000
65000
64967
64967
56714
58859
8288
65535
65535
27469
18817
65001
65000
65000
65000
65000
65000
62988
65534
65535
65535
65535
65535
65535
65535
65535
65535
65535
65535
65535
65535
65535
65535
65535
65535
65535
65535
65535
65535
65535
65535
65535
65535
65535
65535
65535
65535
65535
65535
65535
65535
65535
65535
65535
65535
65535
65535
65535
65535
65535
65535
65535
65535
65535
65535
65535
65535
65535
65535
65535
65535
65535
65535
65535
65535
65535
65535
65535
65535
65535
65535
65535
50744
2048
54633
18984
65503
65535
65535
65535
65535
65535
65535
27469
65535
65535
65535
65535
65535
65535
65535
65535
65535
52792
52524
64999
64999
65000
65001
65000
65000
64999
48231
19050
65535
65535
65535
65535
2113
27268
65000
64999
65000
64967
64967
62955
25057
12611
63390
0
60908
65000
65000
65000
65000
65000
65000
65000
62989
65534
65535
65535
65535
65535
65535
65535
65535
65535
65535
65535
65535
65535
65535
65535
65535
65535
65535
65535
65535
65535
65535
65535
65535
65535
65535
65535
65535
65535
65535
65535
65535
65535
65535
65535
65535
65535
65535
65535
65535
65535
65535
65535
65535
65535
65535
65535
65535
65535
65535
65535
65535
65535
65535
65535
65535
65535
65535
65535
65535
65535
65535
65535
65535
25323
8419
65535
65535
65535
65535
65535
65535
65535
65535
38066
65535
65535
65535
65535
65535
65535
65535
65535
65535
4128
65001
64999
65000
65000
65000
65000
65000
64999
60841
2146
65535
65535
65535
65535
65535
0
58795
64999
65000
64968
64967
64967
62952
48265
2048
52555
65000
65000
65000
65000
65000
65000
65000
65000
65000
62954
65533
65535
65535
65535
65535
65535
65535
65535
65535
65535
65535
65535
65535
65535
65535
65535
65535
65535
65535
65535
65535
65535
65535
65535
65535
65535
65535
65535
65535
65535
65535
65535
65535
65535
65535
65535
65535
65535
65535
65535
65535
65535
65535
65535
65535
65535
65535
65535
65535
65535
65535
65535
65535
65535
65535
65535
65535
65535
65535
65535
65535
65503
29582
61277
65535
65535
65535
65535
65535
65535
65535
65535
23243
65535
65535
65535
65535
65535
65535
65535
65535
65535
33775
60908
65000
65000
65000
65000
65000
65000
65000
64999
62953
0
65535
65535
65535
65535
65535
61309
4160
64968
65000
65000
64967
65000
65000
65000
65000
33445
62987
64999
65000
65000
65000
65000
65000
64999
65000
65000
65001
65533
65535
65535
65535
65535
65535
65535
65535
65535
65535
65535
65535
65535
65535
65535
65535
65535
65535
65535
65535
65535
65535
65535
65535
65535
65535
65535
65535
65535
65535
65535
65535
65535
65535
65535
65535
65535
65535
65535
65535
65535
65535
65535
65535
65535
65535
65535
65535
65535
65535
65535
65535
65535
65535
65535
65535
65535
65535
65535
65503
23275
65535
65535
65535
65535
65535
65535
65535
65535
65535
65535
4226
65535
65535
65535
65535
65535
65535
65535
65535
56985
56717
65000
64999
65000
65000
65000
65000
65000
65000
64967
62953
0
65535
65535
65535
65535
65535
65535
0
60908
65000
65000
65000
64968
64968
65000
65000
64999
62955
29186
65000
65000
65000
65000
65000
65000
65000
65000
65000
65000
65334
65535
65535
65535
65535
65535
65535
65535
65535
65535
65535
65535
65535
65535
65535
65535
65535
65535
65535
65535
65535
65535
65535
65535
65535
65535
65535
65535
65535
65535
65535
65535
65535
65535
65535
65535
65535
65535
65535
65535
65535
65535
65535
65535
65535
65535
65535
65535
65535
65535
65535
65535
65535
65535
65535
65535
65535
21130
65535
65535
65535
65535
65535
65535
65535
65535
65535
65535
65535
6339
65535
65535
65535
65535
65535
65535
65535
0
42025
65001
64999
65000
65000
65000
65000
65000
65000
65000
65000
64968
65001
4258
65535
65535
65535
65535
65535
65535
63389
2048
62985
65000
60807
62952
64968
64999
64999
64999
65001
44070
8256
65000
65000
65000
65000
65000
65000
65000
65000
65000
65000
65000
61007
65499
65535
65535
65535
65535
65535
65535
65535
65535
65535
65535
65535
65535
65535
65535
65535
65535
65535
65535
65535
65535
65535
65535
65535
65535
65535
65535
65535
65535
65535
65535
65535
65535
65535
65535
65535
65535
65535
65535
65535
65535
65535
65535
65535
65535
65535
65535
65535
65535
65535
65535
65535
65535
63422
0
38034
63422
65535
65503
65535
46486
0
65535
65535
12710
61309
65535
65535
65535
65535
65535
65535
65535
65535
6371
33572
65000
64999
65000
65000
65000
65000
65000
65000
65000
65000
65000
54504
42325
65535
65535
65535
65535
65535
65535
65535
40114
2048
62954
65066
50511
29252
10368
8256
12481
25156
56685
65002
65000
65000
65000
65000
65000
65000
65000
65000
65000
65000
65000
65000
65000
62986
65268
65467
65535
65535
65535
65535
65535
65535
65535
65535
65535
65535
65535
65535
65535
65535
65535
65535
65535
65535
65535
65535
65535
65535
65535
65535
65535
65535
65535
65535
65535
65535
65535
65535
65535
65535
65535
65535
65535
65535
65535
65535
65535
65535
65535
65535
65535
65535
65535
65535
65535
65535
65535
65503
40179
38066
40179
59164
65503
12678
65535
32
65535
65535
65535
65535
65535
65535
65535
65535
65535
65535
65535
2080
58828
64999
65000
65000
65000
65000
65000
65000
64967
64968
65001
4160
65535
65535
65535
65535
65535
65535
65535
65535
65535
54938
2048
46119
4128
65032
65000
65000
65000
65000
65000
65000
65000
65000
65000
65000
65000
65000
65000
65000
65000
65000
65000
65000
65000
65000
65000
65000
62954
62956
63055
65236
65368
65467
65500
65500
65500
65433
65302
63121
63220
65535
65535
65535
65535
65535
65535
65535
65535
65535
65535
65535
65535
65535
65535
65535
65535
65535
65535
65535
65535
65535
65535
65535
65535
65535
65535
65535
65535
65535
65535
65535
65535
65535
65535
65535
65535
65535
65535
65535
65535
65535
65535
65535
35953
63390
65535
61277
0
65503
65535
65535
65535
65535
65535
65535
65535
65535
65535
65535
2081
35652
62920
65001
65000
65000
65000
65000
65000
64999
10240
14758
63422
65535
65535
65535
65535
65535
65535
65535
65535
65535
4226
65535
6306
65002
65000
64999
64999
65000
65000
65000
65000
65000
65000
65000
65000
65000
65000
65000
65000
65000
65000
65000
65000
65000
65000
65000
65000
65000
65000
65000
64968
64999
65000
65000
64999
64999
64999
64999
65000
62955
65202
65335
65535
65535
65535
65535
65535
65535
65535
65535
65535
65535
65535
65535
65535
65535
65535
65535
65535
65535
65535
65535
65535
65535
65535
65535
65535
65535
65535
65535
65535
65535
65535
65535
65535
65535
65535
65535
65535
65535
65535
65535
32
65535
65535
65535
65503
0
19049
65535
65535
65535
65535
65535
65535
65535
65535
65535
65535
19050
4128
60875
65000
65000
65000
65000
65000
65000
65000
54668
16936
65535
65535
65535
65535
65535
65535
65535
52857
38066
65535
46518
32
46218
65000
65000
65000
65000
65000
65000
65000
65000
65000
65000
65000
65000
65000
65000
65000
65000
65000
65000
65000
65000
65000
65000
65000
65000
65000
65000
65000
65000
65000
65000
65000
65000
65000
65000
65000
65000
65000
65000
65535
65535
65535
65535
65535
65535
65535
65535
65535
65535
65535
65535
65535
65535
65535
65535
65535
65535
65535
65535
65535
65535
65535
65535
65535
65535
65535
65535
65535
65535
65535
65535
65535
65535
65535
65535
65535
65535
65535
65535
0
32
27469
65535
63422
23275
65503
65535
65535
65535
65535
65535
65535
65535
65535
65535
65535
65535
61277
18852
64999
64998
64967
64999
65000
64967
65097
10400
65535
65535
65535
65535
65535
65535
65535
65535
0
0
0
0
0
4128
65000
65000
64999
65000
65000
65000
65000
65000
65000
65000
65000
65000
65000
65000
65000
65000
65000
65000
65000
65000
65000
65000
65000
65000
65000
65000
65000
65000
65000
65000
65000
65000
65000
65000
65000
65000
65000
65000
65535
65535
65535
65535
65535
65535
65535
65535
65535
65535
65535
65535
65535
65535
65535
65535
65535
65535
65535
65535
65535
65535
65535
65535
65535
65535
65535
65535
65535
65535
65535
65535
65535
65535
65535
65535
65535
65535
65535
65535
0
0
0
0
0
63390
65535
65535
65535
65535
65535
65535
65535
65535
65535
65535
65535
65535
65535
65535
25255
2048
8320
4128
6241
25257
61244
65535
65535
65535
65535
65535
65535
65535
65535
65535
0
0
0
0
0
0
60875
65000
65000
65000
65000
65000
65000
65000
65000
65000
65000
65000
65000
65000
65000
65000
65000
65000
65000
65000
65000
65000
65000
65000
65000
65000
65000
65000
65000
65000
65000
65000
65000
65000
65000
65000
65000
65000
65535
65535
65535
65535
65535
65535
65535
65535
65535
65535
65535
65535
65535
65535
65535
65535
65535
65535
65535
65535
65535
65535
65535
65535
65535
65535
65535
65535
65535
65535
65535
65535
65535
65535
65535
65535
65535
65535
65535
33808
0
0
0
0
44405
65535
65535
65535
65535
65535
65535
65535
65535
65535
65535
65535
65535
65535
65535
65535
65535
65535
65535
65535
65535
65535
65535
65535
65535
65535
65535
65535
65535
65535
65535
65535
0
0
0
0
0
0
14624
65000
64967
65000
65000
65000
65000
65000
65000
65000
65000
65000
65000
65000
65000
65000
65000
65000
65000
65000
65000
65000
65000
65000
65000
65000
65000
65000
65000
65000
65000
65000
65000
65000
65000
65000
65000
65000
65535
65535
65535
65535
65535
65535
65535
65535
65535
65535
65535
65535
65535
65535
65535
65535
65535
65535
65535
65535
65535
65535
65535
65535
65535
65535
65535
65535
65535
65535
65535
65535
65535
65535
65535
65535
65535
65535
65535
32
0
0
0
0
0
32
4258
21130
25388
65535
65535
65535
65535
65535
65535
65535
65535
65535
65535
65535
65535
65535
65535
65535
65535
65535
65535
65535
65535
65535
65535
65535
65535
65535
65535
61309
0
0
0
0
0
0
2048
60939
65000
65000
65000
65000
65000
65000
65000
65000
65000
65000
65000
65000
65000
65000
65000
65000
65000
65000
65000
65000
65000
65000
65000
65000
65000
65000
65000
65000
65000
65000
65000
65000
65000
65000
65000
65000
65535
65535
65535
65535
65535
65535
65535
65535
65535
65535
65535
65535
65535
65535
65535
65535
65535
65535
65535
65535
65535
65535
65535
65535
65535
65535
65535
65535
65535
65535
65535
65535
65535
65535
65535
65535
65535
65535
63422
0
0
0
0
0
0
0
0
0
0
14791
65535
65535
65535
65535
65535
65535
65535
65535
65535
65535
65535
65535
65535
65535
65535
65535
65535
65535
65535
65535
65535
65535
65535
54938
65535
29614
0
0
0
0
0
0
0
42024
64967
65000
65000
65000
65000
65000
65000
65000
65000
65000
65000
65000
65000
65000
65000
65000
65000
65000
65000
65000
65000
65000
65000
65000
65000
65000
65000
65000
65000
65000
65000
65000
65000
65000
65000
65000
65535
65535
65535
65535
65535
65535
65535
65535
65535
65535
65535
65535
65535
65535
65535
65535
65535
65535
65535
65535
65535
65535
65535
65535
65535
65535
65535
65535
65535
65535
65535
65535
65535
65535
65535
65535
65535
65535
29614
0
0
0
0
0
0
0
0
0
0
0
61277
65535
65535
65535
65535
65535
65535
65535
65535
65535
65535
65535
65535
65535
65535
65535
65535
65535
65535
65535
65535
65535
50744
32
65535
0
0
0
0
0
0
0
0
8384
64999
65000
65000
65000
65000
65000
65000
65000
65000
65000
65000
65000
65000
65000
65000
65000
65000
65000
65000
65000
65000
65000
65000
65000
65000
65000
65000
65000
65000
65000
65000
65000
65000
65000
65000
65000
65535
65535
65535
65535
65535
65535
65535
65535
65535
65535
65535
65535
65535
65535
65535
65535
65535
65535
65535
65535
65535
65535
65535
65535
65535
65535
65535
65535
65535
65535
65535
65535
65535
65535
65535
65535
65535
65535
6339
0
0
0
0
0
0
0
0
0
0
0
0
65535
65535
63422
65535
65535
65535
65535
65535
65535
65535
65535
65535
65535
65535
65535
65535
65535
65535
65535
65535
65535
0
0
48631
0
0
0
0
0
0
0
0
2048
62953
65000
65000
65000
65000
65000
65000
65000
65000
65000
65000
65000
65000
65000
65000
65000
65000
65000
65000
65000
65000
65000
65000
65000
65000
65000
65000
65000
65000
65000
65000
65000
65000
65000
65000
65000
65535
65535
65535
65535
65535
65535
65535
65535
65535
65535
65535
65535
65535
65535
65535
65535
65535
65535
65535
65535
65535
65535
65535
65535
65535
65535
65535
65535
65535
65535
65535
65535
65535
65535
65535
65535
65535
65535
0
0
0
0
0
0
0
0
0
0
0
0
0
33840
42260
59196
65535
65535
65535
65535
65535
65535
65535
65535
65535
65535
65535
65535
44405
2113
44405
65535
65535
38066
0
0
0
0
0
0
0
0
0
0
0
0
33573
65000
65000
65000
65000
65000
65000
65000
65000
65000
65000
65000
65000
65000
65000
65000
65000
65000
65000
65000
65000
65000
65000
65000
65000
65000
65000
65000
65000
65000
65000
65000
65000
65000
65000
65000
65535
65535
65535
65535
65535
65535
65535
65535
65535
65535
65535
65535
65535
65535
65535
65535
65535
65535
65535
65535
65535
65535
65535
65535
65535
65535
65535
65535
65535
65535
65535
65535
65535
65535
65535
65535
65535
61277
0
0
0
0
0
0
0
0
0
0
0
0
0
0
8484
65535
65535
65535
65535
65535
65535
65535
65535
65535
65535
65535
65535
65535
65535
65535
10597
2113
19049
0
0
0
0
0
0
0
0
0
0
0
0
0
2048
60908
64968
64967
65000
65000
65000
65000
65000
65000
65000
65000
65000
65000
65000
65000
65000
65000
65000
65000
65000
65000
65000
65000
65000
65000
65000
65000
65000
65000
65000
65000
65000
65000
65000
65000
65535
65535
65535
65535
65535
65535
65535
65535
65535
65535
65535
65535
65535
65535
65535
65535
65535
65535
65535
65535
65535
65535
65535
65535
65535
65535
65535
65535
65535
65535
65535
65535
65535
65535
65535
65535
65535
0
0
0
0
0
0
0
0
0
0
0
0
0
0
33739
4225
65535
65535
65535
65535
65535
65535
65535
65535
65535
65535
65535
65535
65535
65535
65535
65535
0
32
0
0
0
0
0
0
0
0
0
0
0
0
0
0
2048
50313
65000
65000
65000
65000
65000
65000
65000
65000
65000
65000
65000
65000
65000
65000
65000
65000
65000
65000
65000
65000
65000
65000
65000
65000
65000
65000
65000
65000
65000
65000
65000
65000
65000
65535
65535
65535
65535
65535
65535
65535
65535
65535
65535
65535
65535
65535
65535
65535
65535
65535
65535
65535
65535
65535
65535
65535
65535
65535
65535
65535
65535
65535
65535
65535
65535
65535
65535
65535
65535
27436
0
0
0
0
0
0
0
0
0
0
0
0
0
0
54703
16935
65535
65535
65535
65535
21161
4128
65535
65535
65535
65535
65535
65535
65535
65535
65535
65535
63422
0
0
0
0
0
0
0
0
0
0
0
0
0
0
0
0
0
10432
65001
64999
65000
65000
65000
65000
65000
65000
65000
65000
65000
65000
65000
65000
65000
65000
65000
65000
65000
65000
65000
65000
65000
65000
65000
65000
65000
65000
65000
65000
65000
65000
65535
65535
65535
65535
65535
65535
65535
65535
65535
65535
65535
65535
65535
65535
65535
65535
65535
65535
65535
65535
65535
65535
65535
65535
65535
65535
65535
65535
65535
65535
65535
65535
65535
65535
61309
32
0
0
0
0
0
0
0
0
0
0
0
0
0
0
6240
8320
65535
65535
65535
65535
29517
60907
62955
0
65535
65535
65535
65535
65535
65535
65535
65535
65535
65535
0
0
0
0
0
0
0
0
0
0
0
0
0
0
0
0
0
65535
65470
18818
62954
64999
64999
65000
65000
65000
65000
65000
65000
65000
65000
65000
65000
65000
65000
65000
65000
65000
65000
65000
65000
65000
65000
65000
65000
65000
65000
65000
65000
65000
65535
65535
65535
65535
65535
65535
65535
65535
65535
65535
65535
65535
65535
65535
65535
65535
65535
65535
65535
65535
65535
65535
65535
65535
65535
65535
65535
65535
65535
65535
65535
65535
65535
48533
50444
0
0
0
0
0
0
0
0
0
0
0
0
0
0
0
46318
61211
65535
65535
65535
65535
33542
64999
65000
10400
46453
65535
65535
65535
65535
65535
65535
65535
65535
65535
44339
0
0
0
0
0
0
0
0
0
0
0
0
0
0
0
61277
65535
65535
65535
52791
39846
62921
65000
65000
65000
65000
65000
65000
65000
65000
65000
65000
65000
65000
65000
65000
65000
65000
65000
65000
65000
65000
65000
65000
65000
65000
65000
65000
65000
65535
65535
65535
65535
65535
65535
65535
65535
65535
65535
65535
65535
65535
65535
65535
65535
65535
65535
65535
65535
65535
65535
65535
65535
65535
65535
65535
65535
65535
65535
65535
65535
18885
60874
64968
44103
0
0
0
0
0
0
0
0
0
0
0
0
0
0
44339
65535
65535
65535
65535
29549
65001
65000
64999
62953
4096
65503
65535
65535
65535
65535
65535
65534
63254
60908
62954
16673
0
0
0
0
0
0
0
0
0
0
0
0
0
32
65535
65535
65535
65535
65535
63423
2080
12480
65000
65000
65000
65000
65000
65000
65000
65000
65000
65000
65000
65000
65000
65000
65000
65000
65000
65000
65000
65000
65000
65000
65000
65000
65000
65000
65535
65535
65535
65535
65535
65535
65535
65535
65535
65535
65535
65535
65535
65535
65535
65535
65535
65535
65535
65535
65535
65535
65535
65535
65535
65535
65535
65535
65535
65535
65535
10432
62952
64999
65000
65000
12544
0
0
0
0
0
0
0
0
0
0
0
0
29614
65535
65535
65535
65535
65535
23076
64999
65000
65000
65000
58763
2048
65535
65535
65535
65467
58893
65000
65000
65000
64999
65033
2048
0
0
0
0
0
0
0
0
0
0
0
0
59164
65535
65535
65535
63390
6274
10400
60940
65000
65000
65000
65000
65000
65000
65000
65000
65000
65000
65000
65000
65000
65000
65000
65000
65000
65000
65000
65000
65000
65000
65000
65000
65000
65000
65000
65535
65535
65535
65535
65535
65535
65535
65535
65535
65535
65535
65535
65535
65535
65535
65535
65535
65535
65535
65535
65535
65535
65535
65535
65535
65535
65535
65535
54970
2113
48398
65033
64999
64999
65000
65000
60907
0
0
0
0
0
0
0
0
0
0
0
8484
65535
65535
65535
65535
65535
18952
60908
64968
65000
65000
65000
65001
35619
18951
65400
62954
64999
64999
64999
65000
65000
65000
64999
44007
0
0
0
0
0
0
0
0
0
0
0
0
65535
65535
65535
6306
42090
62986
65000
65000
65000
65000
65000
65000
65000
65000
65000
65000
65000
65000
65000
65000
65000
65000
65000
65000
65000
65000
65000
65000
65000
65000
65000
65000
65000
65000
65000
65535
65535
65535
65535
65535
65535
65535
65535
65535
65535
65535
65535
65535
65535
65535
65535
65535
65535
65535
65535
65535
65535
65535
65535
65535
65535
65535
65535
65535
65535
14791
4096
56682
62954
65000
65000
64968
4160
0
0
0
0
0
0
0
0
0
0
65535
65535
65535
65535
65535
65535
10432
65000
65000
65000
65000
65000
65000
65000
44004
65000
65000
64999
65000
65000
64999
64999
64999
64999
65000
10432
0
0
0
0
0
0
0
0
0
0
0
65535
65535
65535
61309
6208
65000
65000
65000
65000
65000
65000
65000
65000
65000
65000
65000
65000
65000
65000
65000
65000
65000
65000
65000
65000
65000
65000
65000
65000
65000
65000
65000
65000
65000
65000
65535
65535
65535
65535
65535
65535
65535
65535
65535
65535
65535
65535
65535
65535
65535
65535
65535
65535
65535
65535
65535
65535
65535
65535
65535
65535
65535
65535
65535
65535
65535
65535
48599
4128
64969
64999
64999
41991
0
0
0
0
0
0
0
0
0
61309
65535
65535
65535
65535
65535
31727
56716
64999
65000
65000
65000
65000
65000
65000
64999
64999
65000
65000
65000
65000
65000
65000
65000
65000
64999
62954
4096
0
0
0
0
0
0
0
0
0
0
65535
65535
65535
65535
0
58796
65000
65000
65000
65000
65000
65000
65000
65000
65000
65000
65000
65000
65000
65000
65000
65000
65000
65000
65000
65000
65000
65000
65000
65000
65000
65000
65000
65000
65000
65535
65535
65535
65535
65535
65535
65535
65535
65535
65535
65535
65535
65535
65535
65535
65535
65535
65535
65535
65535
65535
65535
65535
65535
65535
65535
65535
65535
65535
65535
65535
65535
65503
41991
65000
64999
64999
62988
0
0
0
0
0
0
0
0
50712
65535
65535
65535
65535
65535
65535
2080
65034
64999
65000
65000
65000
65000
65000
65000
65000
64999
65000
65000
65000
65000
65000
65000
65000
65000
65000
65000
44072
0
0
0
0
0
0
0
0
0
0
65535
65535
65535
65535
40147
18850
65000
65000
65000
65000
65000
65000
65000
65000
65000
65000
65000
65000
65000
65000
65000
65000
65000
65000
65000
65000
65000
65000
65000
65000
65000
65000
65000
65000
65000
65535
65535
65535
65535
65535
65535
65535
65535
65535
65535
65535
65535
65535
65535
65535
65535
65535
65535
65535
65535
65535
65535
65535
65535
65535
65535
65535
65535
65535
65535
65535
65535
4096
46149
60906
65001
65001
62954
0
0
0
0
0
0
0
42292
65535
65535
65535
65535
65535
65535
65535
2048
65000
65000
65000
65000
65000
65000
65000
65000
65000
65000
65000
65000
65000
65000
65000
65000
65000
65000
65000
65000
65000
8352
0
0
0
0
0
0
0
0
0
0
52825
65535
65535
65535
0
62953
64999
65000
65000
65000
65000
65000
65000
65000
65000
65000
65000
65000
65000
65000
65000
65000
65000
65000
65000
65000
65000
65000
65000
65000
65000
65000
65000
65000
65535
65535
65535
65535
65535
65535
65535
65535
65535
65535
65535
65535
65535
65535
65535
65535
65535
65535
65535
65535
65535
65535
65535
65535
65535
65535
65535
65535
65535
65535
65535
65503
56747
4128
48567
50712
44340
29548
10597
0
0
0
0
0
32
65535
65535
65535
65535
65535
65535
65535
65535
2080
62952
65000
65000
65000
65000
65000
65000
65000
65000
65000
65000
65000
65000
65000
65000
65000
65000
65000
65000
65000
65000
62986
0
0
0
2048
0
0
2048
39880
62954
65001
33540
2048
54938
65535
8484
52490
65000
65000
65000
65000
65000
65000
65000
65000
65000
65000
65000
65000
65000
65000
65000
65000
65000
65000
65000
65000
65000
65000
65000
65000
65000
65000
65000
65000
65535
65535
65535
65535
65535
65535
65535
65535
65535
65535
65535
65535
65535
65535
65535
65535
65535
65535
65535
65535
65535
65535
65535
65535
65535
65535
65535
65535
65535
65535
65535
14758
65001
4160
65503
65535
65535
65535
65535
65535
65535
46518
2113
32
65535
65535
65535
65535
65535
65535
65535
65535
65535
2113
50377
64999
65000
65000
65000
65000
65000
65000
65000
65000
65000
65000
65000
65000
65000
65000
65000
65000
65000
65000
65000
65000
18784
4160
56683
62953
52457
8288
10400
62953
64999
64999
64999
65001
31428
2048
35952
12513
65000
65000
65000
65000
65000
65000
65000
65000
65000
65000
65000
65000
65000
65000
65000
65000
65000
65000
65000
65000
65000
65000
65000
65000
64968
64968
65000
65065
65535
65535
65535
65535
65535
65535
65535
65535
65535
65535
65535
65535
65535
65535
65535
65535
65535
65535
65535
65535
65535
65535
65535
65535
65535
65535
65535
65535
65535
65535
65535
0
64968
35684
27470
65535
65535
65535
65535
65535
65535
65535
65535
4226
65535
65535
65535
65535
65535
65535
65535
65503
6240
39881
62954
65000
65000
65000
65000
65000
65000
65000
65000
65000
65000
65000
65000
65000
65000
65000
65000
65000
65000
65000
65000
64999
62987
4096
65000
65000
65000
65000
46184
2048
54634
65000
64999
65000
65000
65001
27234
10400
65000
65000
65000
65000
65000
65000
65000
65000
65000
65000
65000
65000
65000
65000
65000
65000
65000
65000
65000
65000
65000
65000
65000
65000
65000
65000
60843
33709
65535
65535
65535
65535
65535
65535
65535
65535
65535
65535
65535
65535
65535
65535
65535
65535
65535
65535
65535
65535
65535
65535
65535
65535
65535
65535
65535
65535
65535
65535
65535
2048
64968
62954
0
65503
65535
65535
65535
65535
65535
65535
44373
63390
65535
65535
65535
65535
65535
46453
31526
62987
64999
64999
65000
65000
65000
65000
65000
65000
65000
65000
65000
65000
65000
65000
65000
65000
65000
65000
65000
65000
65000
65000
65000
65000
65000
4096
65000
64999
65000
65000
65000
62987
2048
16704
62953
65000
65000
65000
65000
65000
65000
65000
65000
65000
65000
65000
65000
65000
65000
65000
65000
65000
65000
65000
65000
65000
65000
65000
65000
65000
65000
65000
65000
64999
62953
14560
61212
65535
65535
65535
65535
65535
65535
65535
65535
65535
65535
65535
65535
65535
65535
65535
65535
65535
65535
65535
65535
65535
65535
65535
65535
65535
65535
65535
65535
65535
65535
65535
65535
0
64999
65001
4160
54906
65535
65535
65535
65535
65535
65503
32
65535
65535
65535
65535
65535
31461
62954
65000
65000
65000
65000
65000
65000
65000
65000
65000
65000
65000
65000
65000
65000
64969
65000
65000
65000
65000
65000
65000
65000
65000
65000
65000
65000
65000
65000
65000
65000
65000
65000
65000
65000
65000
48265
4128
33541
65000
65000
65000
65000
65000
65000
65000
65000
65000
65000
65000
65000
65000
65000
65000
65000
65000
65000
65000
65000
65000
65000
65000
65000
65000
65033
44005
8256
42194
61309
44405
16871
65535
65535
65535
65535
65535
65535
65535
65535
65535
65535
65535
65535
65535
65535
65535
65535
65535
65535
65535
65535
65535
65535
65535
65535
65535
65535
65535
65535
65535
65535
65535
0
62987
27303
63390
0
65535
65535
65535
65535
65535
65535
65535
65535
65535
65535
16871
54671
65000
65000
65000
65000
65000
65000
65000
65000
65000
65000
65000
65000
65000
65000
65000
65000
16544
37734
65000
65000
65000
65000
65000
65000
65000
65000
65000
65000
65000
65000
65000
65000
65000
65000
65000
65000
65000
65000
65000
46184
6176
8288
31395
60874
65000
65000
65000
65000
65000
65000
65000
65000
65000
65000
65000
65000
65000
65000
65000
65000
65000
65000
65000
65000
65001
6144
4096
8352
18883
35686
52522
60874
65535
65535
65535
65535
65535
65535
65535
65535
65535
65535
65535
65535
65535
65535
65535
65535
65535
65535
65535
65535
65535
65535
65535
65535
65535
65535
65535
65535
65535
65535
65535
0
63356
65535
65535
38034
32
65535
65535
65535
65535
65535
65535
65535
65535
65535
61309
0
62987
65000
65000
65000
65000
65000
65000
65000
65000
65000
65000
65000
65000
65000
65000
65000
60874
2048
65001
65000
65000
65000
65000
65000
65000
65000
65000
65000
65000
65000
65000
65000
65000
65000
65000
65000
65000
65000
65000
64999
65000
65001
56684
25026
64999
65000
65000
65000
65000
65000
65000
65000
65000
65000
65000
65000
65000
65000
65000
65000
65000
65000
65000
65000
65000
65000
65000
65000
65000
65000
65000
65000
65535
65535
65535
65535
65535
65535
65535
65535
65535
65535
65535
65535
65535
65535
65535
65535
65535
65535
65535
65535
65535
65535
65535
65535
65535
65535
65535
65535
65535
65535
65535
65535
65535
65535
65535
61309
35953
65535
65535
65535
65535
65535
65535
65535
65535
65535
65535
65535
2048
39846
65000
65000
64968
64968
65000
65000
65000
65000
65000
65000
65000
65000
65000
65000
64999
37765
23042
64999
65000
65000
65000
65000
65000
65000
65000
65000
65000
65000
65000
65000
65000
65000
65000
65000
65000
65000
65000
62952
20768
41959
65034
64968
65000
65000
65000
65000
65000
65000
65000
65000
65000
65000
65000
65000
65000
65000
65000
65000
65000
65000
65000
65000
65000
65000
65000
65000
65000
65000
65000
65000
65535
65535
65535
65535
65535
65535
65535
65535
65535
65535
65535
65535
65535
65535
65535
65535
65535
65535
65535
65535
65535
65535
65535
65535
65535
65535
65535
65535
65535
65535
65535
65535
65535
65535
40179
63390
65535
65535
65535
65535
65535
65535
65535
65535
65535
65535
65535
65535
65535
14791
4096
50344
65001
64999
64999
64967
65002
56583
65000
65000
65000
65000
65000
65000
16576
60907
2048
64969
65000
65000
65000
65000
65000
65000
65000
65000
65000
65000
65000
65000
65000
65000
65000
65000
65000
50278
18721
58794
65001
65000
64999
65000
65000
65000
65000
65000
65000
65000
65000
65000
65000
65000
65000
65000
65000
65000
65000
65000
65000
65000
65000
65000
65000
65000
65000
65000
65000
65000
64999
65000
65535
65535
65535
65535
65535
65535
65535
65535
65535
65535
65535
65535
65535
65535
65535
65535
65535
65535
65535
65535
65535
65535
65535
65535
65535
65535
65535
65535
65535
65535
65535
65535
65535
23275
65535
65535
65535
65535
65535
65535
65535
65535
65535
65535
65535
65535
65535
65535
65535
65535
65535
38034
4128
4096
14592
8256
31595
33574
65000
65000
65000
65000
64999
65000
25158
4096
2048
62955
65000
65000
65000
65000
65000
65000
65000
65000
65000
65000
65000
65000
65000
65000
65000
65000
65000
29284
4096
62919
64999
65000
65000
65000
65000
65000
65000
65000
65000
65000
65000
65000
65000
65000
65000
65000
65000
65000
65000
65000
65000
65000
65000
65000
65000
65000
65000
65000
65000
65000
64968
18720
65535
65535
65535
65535
65535
65535
65535
65535
65535
65535
65535
65535
65535
65535
65535
65535
65535
65535
65535
65535
65535
65535
65535
65535
65535
65535
65535
65535
65535
65535
65535
65535
27501
65535
65535
65535
65535
65535
65535
2145
65535
65535
65535
65535
65535
65535
65535
65535
65535
65535
65535
65535
65535
65535
65535
65535
63422
8352
64968
65000
65000
65000
65000
41990
60840
52491
6176
62953
65000
65000
65000
65000
65000
65000
65000
65000
65000
65000
62922
65033
65000
65000
65000
65000
65000
64999
56683
2048
62954
64999
65000
65000
65000
65000
65000
65000
65000
65000
65000
65000
65000
65000
65000
65000
65000
65000
65000
65000
65000
65000
65000
65000
65000
65000
65000
65000
64999
62952
12480
65534
65535
65535
65535
65535
65535
65535
65535
65535
65535
65535
65535
65535
65535
65535
65535
65535
65535
65535
65535
65535
65535
65535
65535
65535
65535
65535
65535
65535
65535
65535
65535
65535
50712
65535
65535
65535
65535
65535
65535
32
65535
65535
65535
65535
65535
65535
65535
65535
65535
65535
65535
65535
65535
65535
65535
65535
65503
2048
65001
65000
65000
65000
65000
23076
64999
65000
65000
65000
65000
65000
65000
65000
65000
65000
65000
65000
65000
60842
2080
46250
65000
65000
65000
65000
65000
64968
64999
62987
2048
56715
65000
65000
65000
65000
65000
65000
65000
65000
65000
65000
65000
65000
65000
65000
65000
65000
65000
65000
65000
65000
65000
65000
65000
64999
64999
64999
62920
18817
65535
65535
65535
65535
65535
65535
65535
65535
65535
65535
65535
65535
65535
65535
65535
65535
65535
65535
65535
65535
65535
65535
65535
65535
65535
65535
65535
65535
65535
65535
65535
65535
65535
29517
65535
65535
65535
65535
65535
65535
65535
10597
65535
65535
65535
65535
65535
65535
65535
65535
65535
65535
65535
65535
65535
65535
65535
65535
65535
4194
54603
65000
65000
65000
4096
0
65000
65000
65000
65000
65000
65000
65000
65000
64999
65000
65000
65000
35652
0
0
0
62952
65000
65000
65000
65000
65000
65000
65000
62987
6144
35654
65032
65000
65000
65000
65000
65000
65000
65000
65000
65000
65000
65000
65000
65000
65000
65000
65000
65000
65000
65000
65000
65000
64999
64999
58793
35820
65535
65535
65535
65535
65535
65535
65535
65535
65535
65535
65535
65535
65535
65535
65535
65535
65535
65535
65535
65535
65535
65535
65535
65535
65535
65535
65535
65535
65535
65535
65535
65535
65535
65535
0
65535
65535
65535
65535
65535
65535
57051
38034
65535
65535
65535
65535
65535
65535
65535
65535
65535
65535
65535
65535
65535
65535
65535
65535
65535
59132
4128
62984
64999
16640
65535
6371
65000
65000
65000
65000
65000
65000
65000
65000
65000
65001
60874
4096
0
0
0
0
44104
65000
65000
65000
65000
65000
65000
65000
65000
62952
12481
16737
65031
64999
65000
65000
65000
65000
65000
65000
65000
65000
65000
65000
65000
65000
65000
65000
65000
65000
65000
65000
65000
65000
44070
52759
65535
65535
65535
65535
65535
65535
65535
65535
65535
65535
65535
65535
65535
65535
65535
65535
65535
65535
65535
65535
65535
65535
65535
65535
65535
65535
65535
65535
65535
65535
65535
65535
65535
65535
65535
8452
65535
65535
65535
65535
65503
12678
44373
52825
48631
12678
32
0
0
0
0
0
0
0
0
0
12710
35953
63390
65535
65535
65535
16904
18785
39844
65535
65535
23309
65001
65000
65000
65000
65000
65000
65000
65000
62921
14656
0
0
0
0
0
0
2048
62954
65000
65000
65000
65000
65000
65000
65000
65000
65000
31395
4096
62953
65000
65000
65000
65000
65000
65000
65000
65000
65000
65000
65000
65000
65000
65000
65000
65000
65000
64999
62920
27169
65501
65535
65535
65535
65535
65535
65535
65535
65535
65535
65535
65535
65535
65535
65535
65535
65535
65535
65535
65535
65535
65535
65535
65535
65535
65535
65535
65535
65535
65535
65535
65535
65535
65535
65535
65535
59164
44373
65535
61309
10565
46486
65535
65535
16904
0
0
0
0
0
0
0
0
0
0
0
0
0
0
0
0
0
0
10565
61310
29582
65535
65535
65535
29582
64969
65000
64999
65000
64999
62955
29283
4096
0
0
0
0
0
0
0
0
0
2048
25122
62953
64999
64999
64999
65000
65000
65000
65000
56617
14528
62987
64999
65000
65000
65000
65000
65000
65000
65000
65000
65000
65000
65000
65000
65000
65000
65000
65000
62953
31594
65535
65535
65535
65535
65535
65535
65535
65535
65535
65535
65535
65535
65535
65535
65535
65535
65535
65535
65535
65535
65535
65535
65535
65535
65535
65535
65535
65535
65535
65535
65535
65535
65535
65535
65535
65535
65535
16936
2145
46518
65535
65535
65535
65535
65535
2145
0
0
0
0
0
0
0
0
0
0
0
0
0
0
0
0
0
0
0
0
2145
63422
65535
65535
10532
65000
65000
62954
33476
4096
0
0
0
0
0
0
0
0
0
0
0
0
2080
46186
4128
4096
29284
41925
37733
22978
10304
44039
62954
62952
65000
64999
65000
65000
65000
65000
65000
65000
65000
65000
65000
65000
65000
65000
65000
65000
65000
58762
29449
65535
65535
65535
65535
65535
65535
65535
65535
65535
65535
65535
65535
65535
65535
65535
65535
65535
65535
65535
65535
65535
65535
65535
65535
65535
65535
65535
65535
65535
65535
65535
65535
65535
65535
65535
65535
65535
65535
65535
65535
65535
65535
65535
65535
65535
65535
4226
0
0
0
0
0
0
0
0
0
0
0
0
0
0
0
0
0
0
0
0
0
0
8484
65502
0
27170
4096
2048
0
0
0
0
0
0
0
0
0
0
0
0
0
0
0
65002
64968
65001
65002
62954
62921
65001
65000
65000
65000
65000
65000
65000
65000
65000
65000
65000
65000
65000
65000
65000
65000
65000
65000
65000
65000
65000
39813
59066
65535
65535
65535
65535
65535
65535
65535
65535
65535
65535
65535
65535
65535
65535
65535
65535
65535
65535
65535
65535
65535
65535
65535
65535
65535
65535
65535
65535
65535
65535
65535
65535
65535
65535
65535
65535
65535
65535
65535
65535
65535
65535
65535
65535
65535
65535
65535
2145
0
0
0
0
0
0
0
0
0
0
0
0
0
0
0
0
0
0
0
0
0
0
32
0
0
0
0
0
0
0
0
0
0
0
0
0
0
0
0
0
0
0
0
60875
64968
65000
65000
65000
65000
65000
64999
65000
65000
65000
65000
65000
65000
65000
65000
65000
65000
65000
65000
65000
65000
65000
65000
65000
62986
10336
65535
65535
65535
65535
65535
65535
65535
65535
65535
65535
65535
65535
65535
65535
65535
65535
65535
65535
65535
65535
65535
65535
65535
65535
65535
65535
65535
65535
65535
65535
65535
65535
65535
65535
65535
65535
65535
65535
65535
65535
65535
65535
65535
65535
65535
65535
65535
65535
65535
4258
0
0
0
0
0
0
0
0
0
0
0
0
0
0
0
0
0
0
0
0
0
0
0
0
0
0
0
0
0
0
0
0
0
0
0
0
0
0
0
0
0
0
0
41926
65000
65000
65000
65000
65000
65000
65000
65000
65000
65000
65000
65000
65000
65000
65000
65000
65000
65000
65000
65000
65000
64999
65000
52423
31595
65503
65535
65535
65535
65535
65535
65535
65535
65535
65535
65535
65535
65535
65535
65535
65535
65535
65535
65535
65535
65535
65535
65535
65535
65535
65535
65535
65535
65535
65535
65535
65535
65535
65535
65535
65535
65535
65535
65535
65535
65535
65535
65535
65535
65535
65535
65535
65535
65535
65535
4226
0
0
0
0
0
0
0
0
0
0
0
0
0
0
0
0
0
0
0
0
0
0
0
0
0
0
0
0
0
0
0
0
0
0
0
0
0
0
0
0
0
0
0
18818
65000
65000
65000
65000
65000
65000
65000
65000
65000
65000
65000
65000
65000
65000
65000
65000
65000
65000
65000
65000
65000
65001
14560
63357
65535
65535
65535
65535
65535
65535
65535
65535
65535
65535
65535
65535
65535
65535
65535
65535
65535
65535
65535
65535
65535
65535
65535
65535
65535
65535
65535
65535
65535
65535
65535
65535
65535
65535
65535
65535
65535
65535
65535
65535
65535
65535
65535
65535
65535
65535
65535
65535
65535
65535
65535
2113
0
0
0
0
0
0
0
0
0
0
0
0
0
0
0
0
0
0
0
0
0
0
0
0
0
0
0
0
0
0
0
0
0
0
0
0
0
0
0
0
0
0
0
8320
65000
65000
65000
65000
65000
65000
65000
65000
65000
65000
65000
65000
65000
65000
65000
65000
65000
65000
65000
64999
60842
27433
65535
65535
65535
65535
65535
65535
65535
65535
65535
65535
65535
65535
65535
65535
65535
65535
65535
65535
65535
65535
65535
65535
65535
65535
65535
65535
65535
65535
65535
65535
65535
65535
65535
65535
65535
65535
65535
65535
65535
65535
65535
65535
65535
65535
65535
65535
65535
65535
65535
65535
65535
65535
65535
4226
0
0
0
0
0
0
0
0
0
0
0
0
0
0
0
0
0
0
0
0
0
0
0
0
0
0
0
0
0
0
0
0
0
0
0
0
0
0
0
0
0
0
0
4128
64968
65000
65000
65000
65000
65000
65000
65000
65000
65000
65000
65000
65000
65000
65000
65000
65000
65000
62954
14528
56984
65535
65535
65535
65535
65535
65535
65535
65535
65535
65535
65535
65535
65535
65535
65535
65535
65535
65535
65535
65535
65535
65535
65535
65535
65535
65535
65535
65535
65535
65535
65535
65535
65535
65535
65535
65535
65535
65535
65535
65535
65535
65535
65535
65535
65535
65535
65535
65535
65535
65535
65535
65535
65535
65535
6339
0
0
0
0
0
0
0
0
0
0
0
0
0
0
0
0
0
0
0
0
0
0
0
0
0
0
0
0
0
0
0
0
0
0
0
0
0
0
0
0
0
0
0
2048
65000
65000
65000
65000
65000
65000
65000
65000
65000
65000
65000
65000
65000
65000
64999
65000
60842
8256
63325
65535
65535
65535
65535
65535
65535
65535
65535
65535
65535
65535
65535
65535
65535
65535
65535
65535
65535
65535
65535
65535
65535
65535
65535
65535
65535
65535
65535
65535
65535
65535
65535
65535
65535
65535
65535
65535
65535
65535
65535
65535
65535
65535
65535
65535
65535
65535
65535
65535
65535
65535
65535
65535
65535
65535
65535
12678
0
0
0
0
0
0
0
0
0
0
0
0
0
0
0
0
0
0
0
0
0
0
0
0
0
0
0
0
0
0
0
0
0
0
0
0
0
0
0
0
0
0
0
2048
62953
65000
65000
65000
65000
65000
65000
65000
65000
65000
65000
65000
64967
64968
54504
8256
42227
65535
65535
65535
65535
65535
65535
65535
65535
65535
65535
65535
65535
65535
65535
65535
65535
65535
65535
65535
65535
65535
65535
65535
65535
65535
65535
65535
65535
65535
65535
65535
65535
65535
65535
65535
65535
65535
65535
65535
65535
65535
65535
65535
65535
65535
65535
65535
65535
65535
65535
65535
65535
65535
65535
65535
65535
65535
65535
33808
0
0
0
0
0
0
0
0
0
0
0
0
0
0
0
0
0
0
0
0
0
0
0
0
0
0
0
0
0
0
0
0
0
0
0
0
0
0
0
0
0
0
0
2048
65000
65000
65000
65000
65000
65000
64999
64999
65000
64999
64967
60840
37701
6241
54970
65535
65535
65535
65535
65535
65535
65535
65535
65535
65535
65535
65535
65535
65535
65535
65535
65535
65535
65535
65535
65535
65535
65535
65535
65535
65535
65535
65535
65535
65535
65535
65535
65535
65535
65535
65535
65535
65535
65535
65535
65535
65535
65535
65535
65535
65535
65535
65535
65535
65535
65535
65535
65535
65535
65535
65535
65535
65535
65535
65535
54970
0
0
0
0
0
0
0
0
0
0
0
0
0
0
0
0
0
0
0
0
0
0
0
0
0
0
0
0
0
0
0
0
0
0
0
0
0
0
0
0
0
0
0
0
60874
60873
65002
65001
65000
62953
62954
54503
31394
10336
4128
27468
65535
65503
65535
65535
65535
65535
65535
65535
65535
65535
65535
65535
65535
65535
65535
65535
65535
65535
65535
65535
65535
65535
65535
65535
65535
65535
65535
65535
65535
65535
65535
65535
65535
65535
65535
65535
65535
65535
65535
65535
65535
65535
65535
65535
65535
65535
65535
65535
65535
65535
65535
65535
65535
65535
65535
65535
65535
65535
65535
65535
65535
65535
65535
61277
0
0
0
0
0
0
0
0
0
0
0
0
0
0
0
0
0
0
0
0
0
0
0
0
0
0
0
0
0
0
0
0
0
0
0
0
0
0
0
0
0
0
0
0
0
23309
10629
2177
2113
6307
31663
59196
65535
65535
65535
65535
65535
65535
65535
65535
65535
65535
65535
65535
65535
65535
65535
65535
65535
65535
65535
65535
65535
65535
65535
65535
65535
65535
65535
65535
65535
65535
65535
65535
65535
65535
65535
65535
65535
65535
65535
65535
65535
65535
65535
65535
65535
65535
65535
65535
65535
65535
65535
65535
65535
65535
65535
65535
65535
65535
65535
65535
65535
65535
65535
65535
65535
65535
65535
65535
0
0
0
0
0
0
0
0
0
0
0
0
0
0
0
0
0
0
0
0
0
0
0
0
0
0
0
0
0
0
0
0
0
0
0
0
0
0
0
0
0
0
0
0
39911
4161
65535
65535
65535
65535
65535
65535
65535
65535
65535
65535
65535
65535
65535
65535
65535
65535
65535
65535
65535
65535
65535
65535
65535
65535
65535
65535
65535
65535
65535
65535
65535
65535
65535
65535
65535
65535
65535
65535
65535
65535
65535
65535
65535
65535
65535
65535
65535
65535
65535
65535
65535
65535
65535
65535
65535
65535
65535
65535
65535
65535
65535
65535
65535
65535
65535
65535
65535
65535
65535
65535
65535
65535
65535
65535
0
0
0
0
0
0
0
0
0
0
0
0
0
0
0
0
0
0
0
0
0
0
0
0
0
0
0
0
0
0
0
0
0
0
0
0
0
0
0
0
0
0
0
0
62952
20930
65502
65535
65535
65535
65535
65535
65535
65535
65535
65535
65535
65535
65535
65535
65535
65535
65535
65535
65535
65535
65535
65535
65535
65535
65535
65535
65535
65535
65535
65535
65535
65535
65535
65535
65535
65535
65535
65535
65535
65535
65535
65535
65535
65535
65535
65535
65535
65535
65535
65535
65535
65535
65535
65535
65535
65535
65535
65535
65535
65535
65535
65535
65535
65535
65535
65535
65535
65535
65535
65535
65535
65535
65535
65535
0
0
0
0
0
0
0
0
0
0
0
0
0
0
0
0
0
0
0
0
0
0
0
0
0
0
0
0
0
0
0
0
0
0
0
0
0
0
0
0
0
0
0
4160
64999
29379
65535
65535
65535
65535
65535
65535
65535
65535
65535
65535
65535
65535
65535
65535
65535
65535
65535
65535
65535
65535
65535
65535
65535
65535
65535
65535
65535
65535
65535
65535
65535
65535
65535
65535
65535
